0.463320 -0.549970 0.694887
0.451780 -0.828762 -0.330225
-0.078673 0.622140 0.778943
-0.731928 -0.115746 0.671479
-0.603717 0.206791 -0.769912
-0.400533 0.646217 -0.649598
0.022402 0.245963 -0.969020
0.455708 -0.805869 0.378028
0.626695 0.265459 0.732656
0.443506 -0.622559 -0.644765
-0.422269 -0.057145 0.904668
0.967015 0.134605 0.216250
-0.825147 -0.002945 -0.564910
0.874399 -0.485171 -0.005886
0.554147 0.640094 -0.532166
-0.259463 0.958855 0.115224
-0.938648 0.189208 -0.288342
-0.750551 -0.381338 -0.539681
0.138479 -0.811589 -0.567579
0.660649 0.728056 -0.182970
-0.927467 -0.139074 0.347078
0.727433 -0.598118 -0.336296
-0.591998 0.713903 -0.374007
0.648734 -0.760951 0.009884
0.831862 0.029328 0.554206
0.327601 0.502411 0.800163
0.969581 0.167321 -0.178650
0.082508 0.969765 0.229669
-0.834394 0.520977 -0.179917
-0.039755 -0.009417 0.999165
-0.326551 0.369570 -0.869932
0.396509 -0.302037 -0.866922
-0.182025 -0.698433 -0.692141
0.340256 0.127166 0.931695
0.917119 -0.250094 0.310398
0.570998 0.601646 0.558555
0.350763 -0.935890 0.032794
0.029237 0.988196 -0.150381
0.172012 -0.790814 0.587389
0.646507 -0.042222 -0.761739
0.639520 0.322567 -0.697829
-0.497875 0.788761 0.360523
-0.193591 -0.349001 -0.916908
0.572961 -0.124342 0.810095
0.126591 -0.539159 0.832636
-0.313704 0.913129 -0.260356
-0.712051 -0.683279 0.161597
-0.516627 -0.685241 0.513363
-0.781955 -0.585617 -0.213537
-0.512708 -0.848323 -0.132211
0.887507 0.460559 0.014719
-0.094471 0.851225 -0.516228
-0.704552 0.496845 0.506707
0.693099 -0.363920 -0.622235
0.364482 0.097374 -0.926106
0.694138 0.694575 0.189047
-0.168744 -0.865193 0.472193
-0.466232 -0.485232 -0.739714
-0.872963 0.189478 0.449482
0.723179 -0.345672 0.597932
0.988898 -0.146170 -0.026734
-0.274742 0.011512 -0.961449
-0.053825 0.587867 -0.807165
-0.168852 0.856419 0.487889
0.730285 -0.593019 0.339135
0.088653 -0.963874 0.251173
-0.411235 -0.885338 0.216939
-0.734308 0.416728 -0.535844
-0.219784 -0.897569 -0.382185
-0.566420 -0.151044 -0.810157
0.822260 0.396138 0.408611
0.409052 0.845719 0.342689
-0.933494 -0.227988 -0.276786
-0.913941 -0.398373 0.077522
0.817224 0.440136 -0.372055
0.321748 0.447233 -0.834542
0.259365 -0.241153 0.935187
-0.770934 -0.442326 0.458267
-0.625364 0.228826 0.746029
0.860818 0.069905 -0.504089
-0.999416 -0.032869 0.009362
0.115290 -0.964920 -0.235878
-0.416578 0.593860 0.688326
-0.949823 0.292861 0.109859
0.043516 0.331020 0.942620
-0.782557 0.595907 0.180274
0.900323 -0.257234 -0.351069
-0.160068 -0.987039 -0.011476
-0.531096 -0.707606 -0.466080
-0.513844 -0.396871 0.760565
-0.580720 0.813937 -0.016457
-0.216494 -0.636657 0.740134
0.086336 -0.136731 -0.986839
-0.309360 0.296696 0.903475
0.315411 0.884740 -0.343148
0.394247 0.918999 -0.003252
-0.166285 -0.327752 0.930015
0.181967 0.782196 0.595867
0.222086 0.734640 -0.641079
0.119448 -0.530408 -0.839285
