-0.113280 -0.353047 -0.928723
-0.560620 -0.827663 0.026046
-0.555858 0.478898 0.679470
-0.943702 -0.194843 0.267327
-0.848489 0.432695 0.304701
-0.514131 0.807538 0.289053
0.679242 0.715028 0.165423
-0.991447 0.108932 -0.071884
0.550224 -0.831927 -0.071776
0.815908 0.382073 -0.433952
0.058805 0.107566 0.992457
0.874705 0.126940 -0.467737
0.938516 -0.292871 -0.182797
-0.348498 0.627223 0.696520
0.875767 -0.396359 0.275558
0.153275 0.098466 -0.983266
-0.426200 -0.767163 -0.479390
0.099982 0.822829 0.559424
-0.191846 0.854823 -0.482154
0.063655 0.371472 0.926260
0.994193 0.057377 0.091041
0.793871 -0.080532 -0.602730
0.412706 0.516285 -0.750416
0.823072 -0.256564 0.506683
0.945180 0.213818 -0.246814
-0.913744 0.209807 -0.347927
-0.765213 0.256386 -0.590522
0.686827 -0.084681 0.721871
-0.120098 0.957602 -0.261869
-0.774671 0.140217 0.616624
-0.131203 -0.580885 -0.803342
-0.190513 0.981668 0.005746
-0.370537 -0.641581 0.671621
0.516662 0.349460 0.781625
0.974685 -0.215074 0.061098
-0.567646 -0.581123 -0.583159
0.253935 -0.558943 0.789367
-0.918544 0.367723 -0.145110
-0.710465 0.631824 0.309900
-0.335909 0.804204 0.490328
-0.781545 0.598941 -0.174521
-0.380197 0.372594 0.846536
-0.000523 -0.107211 -0.994236
-0.356543 0.915693 -0.185428
-0.231832 0.698944 -0.676559
0.014188 0.695233 -0.718645
-0.553985 -0.656519 0.511940
-0.728582 -0.170367 -0.663433
-0.035039 -0.890440 -0.453749
0.292613 0.468483 0.833607
-0.427891 0.811992 -0.396960
-0.130242 -0.985725 0.106690
-0.980125 0.051940 0.191458
0.157549 0.519822 -0.839621
0.885680 -0.463541 0.026484
0.510423 0.095761 0.854575
-0.816965 -0.324177 0.476945
-0.753001 -0.142544 0.642394
0.721170 -0.507972 0.471039
0.346675 -0.927084 0.142587
0.537976 0.794636 -0.281310
0.715397 0.689945 -0.110376
0.289462 0.312039 -0.904900
0.296089 -0.129491 -0.946342
-0.949559 0.294328 0.108205
0.054623 -0.693740 0.718151
0.338691 -0.859114 0.383682
-0.126064 0.512646 -0.849295
0.040613 -0.446698 0.893763
-0.560234 0.655200 0.506804
0.089384 -0.857390 0.506847
0.841740 0.535873 0.065678
0.487615 0.584644 0.648400
0.012821 0.317212 -0.948268
0.941503 -0.147117 0.303199
-0.873783 -0.217020 -0.435207
-0.674853 0.734881 0.067256
0.117790 -0.545424 -0.829842
0.311461 -0.646747 -0.696212
0.514573 -0.581963 0.629709
-0.418229 0.092747 -0.903594
-0.841528 0.536456 0.063609
-0.632016 -0.450376 0.630649
0.237483 -0.826373 -0.510598
0.639035 0.468033 -0.610393
0.822156 -0.518178 -0.235694
0.247376 -0.295288 0.922827
0.125760 0.943642 -0.306144
-0.206255 -0.767994 -0.606336
0.296269 0.227302 0.927663
0.554907 -0.717978 0.420222
0.831220 0.279497 0.480578
0.135798 -0.318085 -0.938286
-0.943927 -0.270505 -0.189285
-0.547068 0.290772 -0.784964
-0.133095 -0.921801 0.364101
0.701887 0.608664 -0.369977
0.568853 -0.802099 0.181780
-0.807415 0.439580 -0.393510
0.059225 0.848084 -0.526541
0.647465 -0.706914 -0.284712
0.528052 0.849155 -0.009842
0.070903 0.995767 -0.058489
0.989857 -0.019436 -0.140731
-0.888006 -0.458906 -0.029160
-0.183270 -0.316315 0.930783
-0.268901 -0.125168 -0.955000
-0.987091 -0.158902 0.020062
0.840737 0.001973 0.541440
0.741517 -0.670528 -0.023318
0.690185 -0.298064 -0.659395
0.859122 0.474559 -0.191580
-0.363229 -0.910933 0.195619
-0.095413 0.900996 0.423205
0.107917 -0.958440 0.264095
-0.598969 -0.002987 0.800767
-0.279584 0.927916 0.246585
0.324233 -0.939787 -0.108038
-0.752967 -0.644392 0.133413
0.147824 -0.945802 -0.289149
-0.657676 -0.661281 -0.360789
-0.383770 -0.155314 0.910274
0.278381 0.956127 0.091245
-0.649381 0.647859 -0.398225
0.267236 0.707638 -0.654090
0.632840 0.012408 -0.774183
-0.828236 -0.480256 -0.288755
-0.593051 0.786014 -0.174563
0.780479 0.525680 0.338398
-0.392430 -0.432673 0.811661
-0.509052 -0.830077 -0.227679
0.700543 0.184621 0.689315
-0.328698 -0.941868 -0.069584
0.462784 0.851986 0.244847
0.506247 0.675844 -0.535676
0.728859 0.218515 -0.648858
-0.961958 -0.028471 -0.271710
-0.742935 0.404290 0.533477
-0.635553 0.471040 -0.611714
-0.889443 -0.041747 0.455136
-0.352673 -0.363974 -0.862058
-0.464596 0.660674 -0.589628
-0.573640 -0.263088 0.775708
-0.364831 -0.586734 -0.722940
0.032307 -0.170681 0.984797
0.519954 -0.206278 -0.828913
-0.165468 0.248425 0.954414
0.308588 -0.735656 0.602979
-0.391562 0.496062 -0.774985
0.261554 0.679867 0.685106
-0.742262 -0.551031 0.381329
0.697245 -0.531786 -0.480680
-0.884644 -0.417203 0.208199
-0.155417 -0.783272 0.601939
0.924841 -0.099360 -0.367146
0.655987 -0.339662 0.674026
-0.278378 0.308412 -0.909608
0.103661 -0.994606 0.003706
-0.575722 -0.768587 0.278958
0.680420 0.448405 0.579622
0.956376 0.291753 -0.015008
0.748607 -0.620640 0.233222
-0.267068 -0.902830 -0.337005
0.532626 0.289567 -0.795274
-0.457121 0.888070 0.048709
-0.600294 0.246645 0.760798
0.358131 -0.405136 -0.841194
0.196054 0.921425 0.335467
0.327588 0.839557 -0.433394
0.598273 0.681147 0.422028
-0.661455 0.066022 -0.747073
-0.394043 0.116010 0.911741
-0.572191 -0.368176 -0.732833
-0.140776 0.107350 -0.984204
0.534568 -0.492181 -0.687019
-0.085716 -0.981021 -0.173929
0.275687 -0.033200 0.960674
0.048397 -0.743437 -0.667052
-0.847918 0.025516 -0.529513
0.913642 0.337260 0.226965
0.421114 -0.846835 -0.324861
0.494276 -0.698110 -0.518009
0.837355 -0.326083 -0.438757
-0.174937 -0.023042 0.984310
0.484750 -0.159711 0.859948
-0.360013 -0.820475 0.444084
-0.127803 0.744134 0.655692
0.049354 0.609468 0.791273
-0.003402 0.981538 0.191236
-0.516879 -0.137401 -0.844960
0.447280 -0.402771 0.798571
-0.729554 -0.674048 -0.115803
-0.897064 0.205837 0.391033
-0.160793 -0.572110 0.804261
0.421614 0.079420 -0.903291
0.372877 0.793947 0.480219
-0.167149 0.505807 0.846298
0.939134 0.103375 0.327630
-0.745540 -0.412058 -0.523812
0.336815 0.927329 -0.163149
