-1 0 0
-0.99761 0 -0.069142
-0.99761 0 0.069142
-0.99692 -0.066741 -0.041248
-0.99692 -0.066741 0.041248
-0.99692 0.066741 -0.041248
-0.99692 0.066741 0.041248
-0.99165 -0.066709 -0.11038
-0.99165 -0.066709 0.11038
-0.99165 0.066709 -0.11038
-0.99165 0.066709 0.11038
-0.99105 -0.13352 0
-0.99105 0.13352 0
-0.99044 0 -0.13795
-0.99044 0 0.13795
-0.98769 -0.13307 -0.082242
-0.98769 -0.13307 0.082242
-0.98769 0.13307 -0.082242
-0.98769 0.13307 0.082242
-0.98148 -0.066604 -0.1796
-0.98148 -0.066604 0.1796
-0.98148 0.066604 -0.1796
-0.98148 0.066604 0.1796
-0.97943 -0.13326 -0.15155
-0.97943 -0.13326 0.15155
-0.97943 0.13326 -0.15155
-0.97943 0.13326 0.15155
-0.97885 -0.20037 -0.041251
-0.97885 -0.20037 0.041251
-0.97885 0.20037 -0.041251
-0.97885 0.20037 0.041251
-0.97853 0 -0.2061
-0.97853 0 0.2061
-0.97237 -0.19858 -0.12273
-0.97237 -0.19858 0.12273
-0.97237 0.19858 -0.12273
-0.97237 0.19858 0.12273
-0.96664 -0.066567 -0.24733
-0.96664 -0.066567 0.24733
-0.96664 0.066567 -0.24733
-0.96664 0.066567 0.24733
-0.96639 -0.13279 -0.22012
-0.96639 -0.13279 0.22012
-0.96639 0.13279 -0.22012
-0.96639 0.13279 0.22012
-0.96386 -0.2664 0
-0.96386 0.2664 0
-0.96194 0 -0.27327
-0.96194 0 0.27327
-0.96119 -0.19834 -0.19178
-0.96119 -0.19834 0.19178
-0.96119 0.19834 -0.19178
-0.96119 0.19834 0.19178
-0.96065 -0.26552 -0.081501
-0.96065 -0.26552 0.081501
-0.96065 0.26552 -0.081501
-0.96065 0.26552 0.081501
-0.95106 -0.26287 -0.16246
-0.95106 -0.26287 0.16246
-0.95106 0.26287 -0.16246
-0.95106 0.26287 0.16246
-0.94782 -0.13257 -0.28993
-0.94782 -0.13257 0.28993
-0.94782 0.13257 -0.28993
-0.94782 0.13257 0.28993
-0.9462 -0.066042 -0.31678
-0.9462 -0.066042 0.31678
-0.9462 0.066042 -0.31678
-0.9462 0.066042 0.31678
-0.94443 -0.19909 -0.26155
-0.94443 -0.19909 0.26155
-0.94443 0.19909 -0.26155
-0.94443 0.19909 0.26155
-0.94162 -0.33414 -0.041302
-0.94162 -0.33414 0.041302
-0.94162 0.33414 -0.041302
-0.94162 0.33414 0.041302
-0.94074 0 -0.33912
-0.94074 0 0.33912
-0.93605 -0.26415 -0.23246
-0.93605 -0.26415 0.23246
-0.93605 0.26415 -0.23246
-0.93605 0.26415 0.23246
-0.93513 -0.33234 -0.1228
-0.93513 -0.33234 0.1228
-0.93513 0.33234 -0.1228
-0.93513 0.33234 0.1228
-0.9243 -0.13166 -0.35823
-0.9243 -0.13166 0.35823
-0.9243 0.13166 -0.35823
-0.9243 0.13166 0.35823
-0.92388 -0.32553 -0.20119
-0.92388 -0.32553 0.20119
-0.92388 0.32553 -0.20119
-0.92388 0.32553 0.20119
-0.92268 -0.19839 -0.33061
-0.92268 -0.19839 0.33061
-0.92268 0.19839 -0.33061
-0.92268 0.19839 0.33061
-0.92192 -0.065988 -0.38172
-0.92192 -0.065988 0.38172
-0.92192 0.065988 -0.38172
-0.92192 0.065988 0.38172
-0.91624 -0.26408 -0.30126
-0.91624 -0.26408 0.30126
-0.91624 0.26408 -0.30126
-0.91624 0.26408 0.30126
-0.91609 -0.40097 0
-0.91609 0.40097 0
-0.91504 0 -0.40336
-0.91504 0 0.40336
-0.91298 -0.39961 -0.082324
-0.91298 -0.39961 0.082324
-0.91298 0.39961 -0.082324
-0.91298 0.39961 0.082324
-0.90583 -0.32593 -0.27063
-0.90583 -0.32593 0.27063
-0.90583 0.32593 -0.27063
-0.90583 0.32593 0.27063
-0.90484 -0.39414 -0.16101
-0.90484 -0.39414 0.16101
-0.90484 0.39414 -0.16101
-0.90484 0.39414 0.16101
-0.8968 -0.13175 -0.42236
-0.8968 -0.13175 0.42236
-0.8968 0.13175 -0.42236
-0.8968 0.13175 0.42236
-0.8964 -0.19641 -0.39735
-0.8964 -0.19641 0.39735
-0.8964 0.19641 -0.39735
-0.8964 0.19641 0.39735
-0.89293 -0.065817 -0.44537
-0.89293 -0.065817 0.44537
-0.89293 0.065817 -0.44537
-0.89293 0.065817 0.44537
-0.89174 -0.26266 -0.36852
-0.89174 -0.26266 0.36852
-0.89174 0.26266 -0.36852
-0.89174 0.26266 0.36852
-0.89101 -0.38619 -0.23868
-0.89101 -0.38619 0.23868
-0.89101 0.38619 -0.23868
-0.89101 0.38619 0.23868
-0.88496 0 -0.46566
-0.88496 0 0.46566
-0.88476 -0.46421 -0.041299
-0.88476 -0.46421 0.041299
-0.88476 0.46421 -0.041299
-0.88476 0.46421 0.041299
-0.88284 -0.32486 -0.33921
-0.88284 -0.32486 0.33921
-0.88284 0.32486 -0.33921
-0.88284 0.32486 0.33921
-0.87934 -0.46088 -0.11976
-0.87934 -0.46088 0.11976
-0.87934 0.46088 -0.11976
-0.87934 0.46088 0.11976
-0.86973 -0.38591 -0.30766
-0.86973 -0.38591 0.30766
-0.86973 0.38591 -0.30766
-0.86973 0.38591 0.30766
-0.86853 -0.45426 -0.19823
-0.86853 -0.45426 0.19823
-0.86853 0.45426 -0.19823
-0.86853 0.45426 0.19823
-0.86587 -0.19602 -0.46027
-0.86587 -0.19602 0.46027
-0.86587 0.19602 -0.46027
-0.86587 0.19602 0.46027
-0.86493 -0.1312 -0.48444
-0.86493 -0.1312 0.48444
-0.86493 0.1312 -0.48444
-0.86493 0.1312 0.48444
-0.86267 -0.25989 -0.43389
-0.86267 -0.25989 0.43389
-0.86267 0.25989 -0.43389
-0.86267 0.25989 0.43389
-0.85985 -0.065758 -0.5063
-0.85985 -0.065758 0.5063
-0.85985 0.065758 -0.5063
-0.85985 0.065758 0.5063
-0.85534 -0.32252 -0.40543
-0.85534 -0.32252 0.40543
-0.85534 0.32252 -0.40543
-0.85534 0.32252 0.40543
-0.85264 -0.44446 -0.27469
-0.85264 -0.44446 0.27469
-0.85264 0.44446 -0.27469
-0.85264 0.44446 0.27469
-0.85065 -0.52573 0
-0.85065 0 -0.52573
-0.85065 0 0.52573
-0.85065 0.52573 0
-0.84803 -0.52411 -0.078459
-0.84803 -0.52411 0.078459
-0.84803 0.52411 -0.078459
-0.84803 0.52411 0.078459
-0.84391 -0.38361 -0.37504
-0.84391 -0.38361 0.37504
-0.84391 0.38361 -0.37504
-0.84391 0.38361 0.37504
-0.84018 -0.51926 -0.15643
-0.84018 -0.51926 0.15643
-0.84018 0.51926 -0.15643
-0.84018 0.51926 0.15643
-0.83081 -0.17253 -0.52914
-0.83081 -0.17253 0.52914
-0.83081 0.17253 -0.52914
-0.83081 0.17253 0.52914
-0.83036 -0.23723 -0.50421
-0.83036 -0.23723 0.50421
-0.83036 0.23723 -0.50421
-0.83036 0.23723 0.50421
-0.82845 -0.44287 -0.34285
-0.82845 -0.44287 0.34285
-0.82845 0.44287 -0.34285
-0.82845 0.44287 0.34285
-0.82715 -0.51121 -0.23345
-0.82715 -0.51121 0.23345
-0.82715 0.51121 -0.23345
-0.82715 0.51121 0.23345
-0.82711 -0.10649 -0.55186
-0.82711 -0.10649 0.55186
-0.82711 0.10649 -0.55186
-0.82711 0.10649 0.55186
-0.82518 -0.3038 -0.47623
-0.82518 -0.3038 0.47623
-0.82518 0.3038 -0.47623
-0.82518 0.3038 0.47623
-0.81921 -0.04064 -0.57206
-0.81921 -0.04064 0.57206
-0.81921 0.04064 -0.57206
-0.81921 0.04064 0.57206
-0.81752 -0.57446 -0.040675
-0.81752 -0.57446 0.040675
-0.81752 0.57446 -0.040675
-0.81752 0.57446 0.040675
-0.81623 -0.36603 -0.44698
-0.81623 -0.36603 0.44698
-0.81623 0.36603 -0.44698
-0.81623 0.36603 0.44698
-0.81217 -0.57114 -0.11908
-0.81217 -0.57114 0.11908
-0.81217 0.57114 -0.11908
-0.81217 0.57114 0.11908
-0.80902 -0.5 -0.30902
-0.80902 -0.5 0.30902
-0.80902 0.5 -0.30902
-0.80902 0.5 0.30902
-0.80302 -0.42713 -0.4156
-0.80302 -0.42713 0.4156
-0.80302 0.42713 -0.4156
-0.80302 0.42713 0.4156
-0.8015 -0.56451 -0.19727
-0.8015 -0.56451 0.19727
-0.8015 0.56451 -0.19727
-0.8015 0.56451 0.19727
-0.79265 -0.21302 -0.57125
-0.79265 -0.21302 0.57125
-0.79265 0.21302 -0.57125
-0.79265 0.21302 0.57125
-0.79017 -0.14741 -0.5949
-0.79017 -0.14741 0.5949
-0.79017 0.14741 -0.5949
-0.79017 0.14741 0.5949
-0.79011 -0.28032 -0.54511
-0.79011 -0.28032 0.54511
-0.79011 0.28032 -0.54511
-0.79011 0.28032 0.54511
-0.78643 0 -0.61768
-0.78643 0 0.61768
-0.7859 -0.48571 -0.38268
-0.7859 -0.48571 0.38268
-0.7859 0.48571 -0.38268
-0.7859 0.48571 0.38268
-0.78571 -0.55474 -0.27371
-0.78571 -0.55474 0.27371
-0.78571 0.55474 -0.27371
-0.78571 0.55474 0.27371
-0.78384 -0.081086 -0.61564
-0.78384 -0.081086 0.61564
-0.78384 0.081086 -0.61564
-0.78384 0.081086 0.61564
-0.78345 -0.34615 -0.51612
-0.78345 -0.34615 0.51612
-0.78345 0.34615 -0.51612
-0.78345 0.34615 0.51612
-0.78279 -0.62229 0
-0.78279 0.62229 0
-0.7802 -0.62024 -0.081142
-0.7802 -0.62024 0.081142
-0.7802 0.62024 -0.081142
-0.7802 0.62024 0.081142
-0.77258 -0.40829 -0.48624
-0.77258 -0.40829 0.48624
-0.77258 0.40829 -0.48624
-0.77258 0.40829 0.48624
-0.77184 -0.61546 -0.15961
-0.77184 -0.61546 0.15961
-0.77184 0.61546 -0.15961
-0.77184 0.61546 0.15961
-0.76041 -0.55245 -0.34144
-0.76041 -0.55245 0.34144
-0.76041 0.55245 -0.34144
-0.76041 0.55245 0.34144
-0.75865 -0.60683 -0.23709
-0.75865 -0.60683 0.23709
-0.75865 0.60683 -0.23709
-0.75865 0.60683 0.23709
-0.75794 -0.46843 -0.45399
-0.75794 -0.46843 0.45399
-0.75794 0.46843 -0.45399
-0.75794 0.46843 0.45399
-0.74979 -0.18743 -0.63458
-0.74979 -0.18743 0.63458
-0.74979 0.18743 -0.63458
-0.74979 0.18743 0.63458
-0.74944 -0.25518 -0.61093
-0.74944 -0.25518 0.61093
-0.74944 0.25518 -0.61093
-0.74944 0.25518 0.61093
-0.74939 -0.040642 -0.66088
-0.74939 -0.040642 0.66088
-0.74939 0.040642 -0.66088
-0.74939 0.040642 0.66088
-0.74534 -0.32214 -0.58369
-0.74534 -0.32214 0.58369
-0.74534 0.32214 -0.58369
-0.74534 0.32214 0.58369
-0.74473 -0.12114 -0.65628
-0.74473 -0.12114 0.65628
-0.74473 0.12114 -0.65628
-0.74473 0.12114 0.65628
-0.7435 -0.6675 -0.040677
-0.7435 -0.6675 0.040677
-0.7435 0.6675 -0.040677
-0.7435 0.6675 0.040677
-0.73889 -0.66284 -0.12119
-0.73889 -0.66284 0.12119
-0.73889 0.66284 -0.12119
-0.73889 0.66284 0.12119
-0.73771 -0.38673 -0.55337
-0.73771 -0.38673 0.55337
-0.73771 0.38673 -0.55337
-0.73771 0.38673 0.55337
-0.73501 -0.53678 -0.41427
-0.73501 -0.53678 0.41427
-0.73501 0.53678 -0.41427
-0.73501 0.53678 0.41427
-0.73479 -0.60574 -0.30521
-0.73479 -0.60574 0.30521
-0.73479 0.60574 -0.30521
-0.73479 0.60574 0.30521
-0.72796 -0.65601 -0.19933
-0.72796 -0.65601 0.19933
-0.72796 0.65601 -0.19933
-0.72796 0.65601 0.19933
-0.7253 -0.44826 -0.5225
-0.7253 -0.44826 0.5225
-0.7253 0.44826 -0.5225
-0.7253 0.44826 0.5225
-0.71128 0 -0.70291
-0.71128 0 0.70291
-0.70897 -0.080573 -0.70062
-0.70897 -0.080573 0.70062
-0.70897 0.080573 -0.70062
-0.70897 0.080573 0.70062
-0.70711 -0.6015 -0.37175
-0.70711 -0.6015 0.37175
-0.70711 0.6015 -0.37175
-0.70711 0.6015 0.37175
-0.70524 -0.65662 -0.26738
-0.70524 -0.65662 0.26738
-0.70524 0.65662 -0.26738
-0.70524 0.65662 0.26738
-0.70447 -0.51797 -0.48521
-0.70447 -0.51797 0.48521
-0.70447 0.51797 -0.48521
-0.70447 0.51797 0.48521
-0.70398 -0.2289 -0.67232
-0.70398 -0.2289 0.67232
-0.70398 0.2289 -0.67232
-0.70398 0.2289 0.67232
-0.70291 -0.71128 0
-0.70291 0.71128 0
-0.70231 -0.296 -0.64741
-0.70231 -0.296 0.64741
-0.70231 0.296 -0.64741
-0.70231 0.296 0.64741
-0.70205 -0.16062 -0.69378
-0.70205 -0.16062 0.69378
-0.70205 0.16062 -0.69378
-0.70205 0.16062 0.69378
-0.70062 -0.70897 -0.080573
-0.70062 -0.70897 0.080573
-0.70062 0.70897 -0.080573
-0.70062 0.70897 0.080573
-0.69704 -0.36159 -0.61919
-0.69704 -0.36159 0.61919
-0.69704 0.36159 -0.61919
-0.69704 0.36159 0.61919
-0.69378 -0.70205 -0.16062
-0.69378 -0.70205 0.16062
-0.69378 0.70205 -0.16062
-0.69378 0.70205 0.16062
-0.68819 -0.42533 -0.58779
-0.68819 -0.42533 0.58779
-0.68819 0.42533 -0.58779
-0.68819 0.42533 0.58779
-0.67898 -0.58472 -0.44396
-0.67898 -0.58472 0.44396
-0.67898 0.58472 -0.44396
-0.67898 0.58472 0.44396
-0.67891 -0.6535 -0.33469
-0.67891 -0.6535 0.33469
-0.67891 0.6535 -0.33469
-0.67891 0.6535 0.33469
-0.67232 -0.70398 -0.2289
-0.67232 -0.70398 0.2289
-0.67232 0.70398 -0.2289
-0.67232 0.70398 0.2289
-0.66961 -0.49644 -0.55242
-0.66961 -0.49644 0.55242
-0.66961 0.49644 -0.55242
-0.66961 0.49644 0.55242
-0.6675 -0.040677 -0.7435
-0.6675 -0.040677 0.7435
-0.6675 0.040677 -0.7435
-0.6675 0.040677 0.7435
-0.66284 -0.12119 -0.73889
-0.66284 -0.12119 0.73889
-0.66284 0.12119 -0.73889
-0.66284 0.12119 0.73889
-0.66088 -0.74939 -0.040642
-0.66088 -0.74939 0.040642
-0.66088 0.74939 -0.040642
-0.66088 0.74939 0.040642
-0.65662 -0.26738 -0.70524
-0.65662 -0.26738 0.70524
-0.65662 0.26738 -0.70524
-0.65662 0.26738 0.70524
-0.65628 -0.74473 -0.12114
-0.65628 -0.74473 0.12114
-0.65628 0.74473 -0.12114
-0.65628 0.74473 0.12114
-0.65601 -0.19933 -0.72796
-0.65601 -0.19933 0.72796
-0.65601 0.19933 -0.72796
-0.65601 0.19933 0.72796
-0.6535 -0.33469 -0.67891
-0.6535 -0.33469 0.67891
-0.6535 0.33469 -0.67891
-0.6535 0.33469 0.67891
-0.64945 -0.64684 -0.39977
-0.64945 -0.64684 0.39977
-0.64945 0.64684 -0.39977
-0.64945 0.64684 0.39977
-0.64741 -0.70231 -0.296
-0.64741 -0.70231 0.296
-0.64741 0.70231 -0.296
-0.64741 0.70231 0.296
-0.64684 -0.39977 -0.64945
-0.64684 -0.39977 0.64945
-0.64684 0.39977 -0.64945
-0.64684 0.39977 0.64945
-0.64658 -0.56425 -0.51338
-0.64658 -0.56425 0.51338
-0.64658 0.56425 -0.51338
-0.64658 0.56425 0.51338
-0.63458 -0.74979 -0.18743
-0.63458 -0.74979 0.18743
-0.63458 0.74979 -0.18743
-0.63458 0.74979 0.18743
-0.62831 -0.47092 -0.61924
-0.62831 -0.47092 0.61924
-0.62831 0.47092 -0.61924
-0.62831 0.47092 0.61924
-0.62229 0 -0.78279
-0.62229 0 0.78279
-0.62024 -0.081142 -0.7802
-0.62024 -0.081142 0.7802
-0.62024 0.081142 -0.7802
-0.62024 0.081142 0.7802
-0.61924 -0.62831 -0.47092
-0.61924 -0.62831 0.47092
-0.61924 0.62831 -0.47092
-0.61924 0.62831 0.47092
-0.61919 -0.69704 -0.36159
-0.61919 -0.69704 0.36159
-0.61919 0.69704 -0.36159
-0.61919 0.69704 0.36159
-0.61768 -0.78643 0
-0.61768 0.78643 0
-0.61564 -0.78384 -0.081086
-0.61564 -0.78384 0.081086
-0.61564 0.78384 -0.081086
-0.61564 0.78384 0.081086
-0.61546 -0.15961 -0.77184
-0.61546 -0.15961 0.77184
-0.61546 0.15961 -0.77184
-0.61546 0.15961 0.77184
-0.61093 -0.74944 -0.25518
-0.61093 -0.74944 0.25518
-0.61093 0.74944 -0.25518
-0.61093 0.74944 0.25518
-0.60748 -0.54065 -0.58195
-0.60748 -0.54065 0.58195
-0.60748 0.54065 -0.58195
-0.60748 0.54065 0.58195
-0.60683 -0.23709 -0.75865
-0.60683 -0.23709 0.75865
-0.60683 0.23709 -0.75865
-0.60683 0.23709 0.75865
-0.60574 -0.30521 -0.73479
-0.60574 -0.30521 0.73479
-0.60574 0.30521 -0.73479
-0.60574 0.30521 0.73479
-0.6015 -0.37175 -0.70711
-0.6015 -0.37175 0.70711
-0.6015 0.37175 -0.70711
-0.6015 0.37175 0.70711
-0.5949 -0.79017 -0.14741
-0.5949 -0.79017 0.14741
-0.5949 0.79017 -0.14741
-0.5949 0.79017 0.14741
-0.58779 -0.68819 -0.42533
-0.58779 -0.68819 0.42533
-0.58779 0.68819 -0.42533
-0.58779 0.68819 0.42533
-0.58472 -0.44396 -0.67898
-0.58472 -0.44396 0.67898
-0.58472 0.44396 -0.67898
-0.58472 0.44396 0.67898
-0.58369 -0.74534 -0.32214
-0.58369 -0.74534 0.32214
-0.58369 0.74534 -0.32214
-0.58369 0.74534 0.32214
-0.58195 -0.60748 -0.54065
-0.58195 -0.60748 0.54065
-0.58195 0.60748 -0.54065
-0.58195 0.60748 0.54065
-0.57446 -0.040675 -0.81752
-0.57446 -0.040675 0.81752
-0.57446 0.040675 -0.81752
-0.57446 0.040675 0.81752
-0.57206 -0.81921 -0.04064
-0.57206 -0.81921 0.04064
-0.57206 0.81921 -0.04064
-0.57206 0.81921 0.04064
-0.57125 -0.79265 -0.21302
-0.57125 -0.79265 0.21302
-0.57125 0.79265 -0.21302
-0.57125 0.79265 0.21302
-0.57114 -0.11908 -0.81217
-0.57114 -0.11908 0.81217
-0.57114 0.11908 -0.81217
-0.57114 0.11908 0.81217
-0.56451 -0.19727 -0.8015
-0.56451 -0.19727 0.8015
-0.56451 0.19727 -0.8015
-0.56451 0.19727 0.8015
-0.56425 -0.51338 -0.64658
-0.56425 -0.51338 0.64658
-0.56425 0.51338 -0.64658
-0.56425 0.51338 0.64658
-0.55474 -0.27371 -0.78571
-0.55474 -0.27371 0.78571
-0.55474 0.27371 -0.78571
-0.55474 0.27371 0.78571
-0.55337 -0.73771 -0.38673
-0.55337 -0.73771 0.38673
-0.55337 0.73771 -0.38673
-0.55337 0.73771 0.38673
-0.55245 -0.34144 -0.76041
-0.55245 -0.34144 0.76041
-0.55245 0.34144 -0.76041
-0.55245 0.34144 0.76041
-0.55242 -0.66961 -0.49644
-0.55242 -0.66961 0.49644
-0.55242 0.66961 -0.49644
-0.55242 0.66961 0.49644
-0.55186 -0.82711 -0.10649
-0.55186 -0.82711 0.10649
-0.55186 0.82711 -0.10649
-0.55186 0.82711 0.10649
-0.54511 -0.79011 -0.28032
-0.54511 -0.79011 0.28032
-0.54511 0.79011 -0.28032
-0.54511 0.79011 0.28032
-0.54065 -0.58195 -0.60748
-0.54065 -0.58195 0.60748
-0.54065 0.58195 -0.60748
-0.54065 0.58195 0.60748
-0.53678 -0.41427 -0.73501
-0.53678 -0.41427 0.73501
-0.53678 0.41427 -0.73501
-0.53678 0.41427 0.73501
-0.52914 -0.83081 -0.17253
-0.52914 -0.83081 0.17253
-0.52914 0.83081 -0.17253
-0.52914 0.83081 0.17253
-0.52573 -0.85065 0
-0.52573 0 -0.85065
-0.52573 0 0.85065
-0.52573 0.85065 0
-0.52411 -0.078459 -0.84803
-0.52411 -0.078459 0.84803
-0.52411 0.078459 -0.84803
-0.52411 0.078459 0.84803
-0.5225 -0.7253 -0.44826
-0.5225 -0.7253 0.44826
-0.5225 0.7253 -0.44826
-0.5225 0.7253 0.44826
-0.51926 -0.15643 -0.84018
-0.51926 -0.15643 0.84018
-0.51926 0.15643 -0.84018
-0.51926 0.15643 0.84018
-0.51797 -0.48521 -0.70447
-0.51797 -0.48521 0.70447
-0.51797 0.48521 -0.70447
-0.51797 0.48521 0.70447
-0.51612 -0.78345 -0.34615
-0.51612 -0.78345 0.34615
-0.51612 0.78345 -0.34615
-0.51612 0.78345 0.34615
-0.51338 -0.64658 -0.56425
-0.51338 -0.64658 0.56425
-0.51338 0.64658 -0.56425
-0.51338 0.64658 0.56425
-0.51121 -0.23345 -0.82715
-0.51121 -0.23345 0.82715
-0.51121 0.23345 -0.82715
-0.51121 0.23345 0.82715
-0.5063 -0.85985 -0.065758
-0.5063 -0.85985 0.065758
-0.5063 0.85985 -0.065758
-0.5063 0.85985 0.065758
-0.50421 -0.83036 -0.23723
-0.50421 -0.83036 0.23723
-0.50421 0.83036 -0.23723
-0.50421 0.83036 0.23723
-0.5 -0.30902 -0.80902
-0.5 -0.30902 0.80902
-0.5 0.30902 -0.80902
-0.5 0.30902 0.80902
-0.49644 -0.55242 -0.66961
-0.49644 -0.55242 0.66961
-0.49644 0.55242 -0.66961
-0.49644 0.55242 0.66961
-0.48624 -0.77258 -0.40829
-0.48624 -0.77258 0.40829
-0.48624 0.77258 -0.40829
-0.48624 0.77258 0.40829
-0.48571 -0.38268 -0.7859
-0.48571 -0.38268 0.7859
-0.48571 0.38268 -0.7859
-0.48571 0.38268 0.7859
-0.48521 -0.70447 -0.51797
-0.48521 -0.70447 0.51797
-0.48521 0.70447 -0.51797
-0.48521 0.70447 0.51797
-0.48444 -0.86493 -0.1312
-0.48444 -0.86493 0.1312
-0.48444 0.86493 -0.1312
-0.48444 0.86493 0.1312
-0.47623 -0.82518 -0.3038
-0.47623 -0.82518 0.3038
-0.47623 0.82518 -0.3038
-0.47623 0.82518 0.3038
-0.47092 -0.61924 -0.62831
-0.47092 -0.61924 0.62831
-0.47092 0.61924 -0.62831
-0.47092 0.61924 0.62831
-0.46843 -0.45399 -0.75794
-0.46843 -0.45399 0.75794
-0.46843 0.45399 -0.75794
-0.46843 0.45399 0.75794
-0.46566 -0.88496 0
-0.46566 0.88496 0
-0.46421 -0.041299 -0.88476
-0.46421 -0.041299 0.88476
-0.46421 0.041299 -0.88476
-0.46421 0.041299 0.88476
-0.46088 -0.11976 -0.87934
-0.46088 -0.11976 0.87934
-0.46088 0.11976 -0.87934
-0.46088 0.11976 0.87934
-0.46027 -0.86587 -0.19602
-0.46027 -0.86587 0.19602
-0.46027 0.86587 -0.19602
-0.46027 0.86587 0.19602
-0.45426 -0.19823 -0.86853
-0.45426 -0.19823 0.86853
-0.45426 0.19823 -0.86853
-0.45426 0.19823 0.86853
-0.45399 -0.75794 -0.46843
-0.45399 -0.75794 0.46843
-0.45399 0.75794 -0.46843
-0.45399 0.75794 0.46843
-0.44826 -0.5225 -0.7253
-0.44826 -0.5225 0.7253
-0.44826 0.5225 -0.7253
-0.44826 0.5225 0.7253
-0.44698 -0.81623 -0.36603
-0.44698 -0.81623 0.36603
-0.44698 0.81623 -0.36603
-0.44698 0.81623 0.36603
-0.44537 -0.89293 -0.065817
-0.44537 -0.89293 0.065817
-0.44537 0.89293 -0.065817
-0.44537 0.89293 0.065817
-0.44446 -0.27469 -0.85264
-0.44446 -0.27469 0.85264
-0.44446 0.27469 -0.85264
-0.44446 0.27469 0.85264
-0.44396 -0.67898 -0.58472
-0.44396 -0.67898 0.58472
-0.44396 0.67898 -0.58472
-0.44396 0.67898 0.58472
-0.44287 -0.34285 -0.82845
-0.44287 -0.34285 0.82845
-0.44287 0.34285 -0.82845
-0.44287 0.34285 0.82845
-0.43389 -0.86267 -0.25989
-0.43389 -0.86267 0.25989
-0.43389 0.86267 -0.25989
-0.43389 0.86267 0.25989
-0.42713 -0.4156 -0.80302
-0.42713 -0.4156 0.80302
-0.42713 0.4156 -0.80302
-0.42713 0.4156 0.80302
-0.42533 -0.58779 -0.68819
-0.42533 -0.58779 0.68819
-0.42533 0.58779 -0.68819
-0.42533 0.58779 0.68819
-0.42236 -0.8968 -0.13175
-0.42236 -0.8968 0.13175
-0.42236 0.8968 -0.13175
-0.42236 0.8968 0.13175
-0.4156 -0.80302 -0.42713
-0.4156 -0.80302 0.42713
-0.4156 0.80302 -0.42713
-0.4156 0.80302 0.42713
-0.41427 -0.73501 -0.53678
-0.41427 -0.73501 0.53678
-0.41427 0.73501 -0.53678
-0.41427 0.73501 0.53678
-0.40829 -0.48624 -0.77258
-0.40829 -0.48624 0.77258
-0.40829 0.48624 -0.77258
-0.40829 0.48624 0.77258
-0.40543 -0.85534 -0.32252
-0.40543 -0.85534 0.32252
-0.40543 0.85534 -0.32252
-0.40543 0.85534 0.32252
-0.40336 -0.91504 0
-0.40336 0.91504 0
-0.40097 0 -0.91609
-0.40097 0 0.91609
-0.39977 -0.64945 -0.64684
-0.39977 -0.64945 0.64684
-0.39977 0.64945 -0.64684
-0.39977 0.64945 0.64684
-0.39961 -0.082324 -0.91298
-0.39961 -0.082324 0.91298
-0.39961 0.082324 -0.91298
-0.39961 0.082324 0.91298
-0.39735 -0.8964 -0.19641
-0.39735 -0.8964 0.19641
-0.39735 0.8964 -0.19641
-0.39735 0.8964 0.19641
-0.39414 -0.16101 -0.90484
-0.39414 -0.16101 0.90484
-0.39414 0.16101 -0.90484
-0.39414 0.16101 0.90484
-0.38673 -0.55337 -0.73771
-0.38673 -0.55337 0.73771
-0.38673 0.55337 -0.73771
-0.38673 0.55337 0.73771
-0.38619 -0.23868 -0.89101
-0.38619 -0.23868 0.89101
-0.38619 0.23868 -0.89101
-0.38619 0.23868 0.89101
-0.38591 -0.30766 -0.86973
-0.38591 -0.30766 0.86973
-0.38591 0.30766 -0.86973
-0.38591 0.30766 0.86973
-0.38361 -0.37504 -0.84391
-0.38361 -0.37504 0.84391
-0.38361 0.37504 -0.84391
-0.38361 0.37504 0.84391
-0.38268 -0.7859 -0.48571
-0.38268 -0.7859 0.48571
-0.38268 0.7859 -0.48571
-0.38268 0.7859 0.48571
-0.38172 -0.92192 -0.065988
-0.38172 -0.92192 0.065988
-0.38172 0.92192 -0.065988
-0.38172 0.92192 0.065988
-0.37504 -0.84391 -0.38361
-0.37504 -0.84391 0.38361
-0.37504 0.84391 -0.38361
-0.37504 0.84391 0.38361
-0.37175 -0.70711 -0.6015
-0.37175 -0.70711 0.6015
-0.37175 0.70711 -0.6015
-0.37175 0.70711 0.6015
-0.36852 -0.89174 -0.26266
-0.36852 -0.89174 0.26266
-0.36852 0.89174 -0.26266
-0.36852 0.89174 0.26266
-0.36603 -0.44698 -0.81623
-0.36603 -0.44698 0.81623
-0.36603 0.44698 -0.81623
-0.36603 0.44698 0.81623
-0.36159 -0.61919 -0.69704
-0.36159 -0.61919 0.69704
-0.36159 0.61919 -0.69704
-0.36159 0.61919 0.69704
-0.35823 -0.9243 -0.13166
-0.35823 -0.9243 0.13166
-0.35823 0.9243 -0.13166
-0.35823 0.9243 0.13166
-0.34615 -0.51612 -0.78345
-0.34615 -0.51612 0.78345
-0.34615 0.51612 -0.78345
-0.34615 0.51612 0.78345
-0.34285 -0.82845 -0.44287
-0.34285 -0.82845 0.44287
-0.34285 0.82845 -0.44287
-0.34285 0.82845 0.44287
-0.34144 -0.76041 -0.55245
-0.34144 -0.76041 0.55245
-0.34144 0.76041 -0.55245
-0.34144 0.76041 0.55245
-0.33921 -0.88284 -0.32486
-0.33921 -0.88284 0.32486
-0.33921 0.88284 -0.32486
-0.33921 0.88284 0.32486
-0.33912 -0.94074 0
-0.33912 0.94074 0
-0.33469 -0.67891 -0.6535
-0.33469 -0.67891 0.6535
-0.33469 0.67891 -0.6535
-0.33469 0.67891 0.6535
-0.33414 -0.041302 -0.94162
-0.33414 -0.041302 0.94162
-0.33414 0.041302 -0.94162
-0.33414 0.041302 0.94162
-0.33234 -0.1228 -0.93513
-0.33234 -0.1228 0.93513
-0.33234 0.1228 -0.93513
-0.33234 0.1228 0.93513
-0.33061 -0.92268 -0.19839
-0.33061 -0.92268 0.19839
-0.33061 0.92268 -0.19839
-0.33061 0.92268 0.19839
-0.32593 -0.27063 -0.90583
-0.32593 -0.27063 0.90583
-0.32593 0.27063 -0.90583
-0.32593 0.27063 0.90583
-0.32553 -0.20119 -0.92388
-0.32553 -0.20119 0.92388
-0.32553 0.20119 -0.92388
-0.32553 0.20119 0.92388
-0.32486 -0.33921 -0.88284
-0.32486 -0.33921 0.88284
-0.32486 0.33921 -0.88284
-0.32486 0.33921 0.88284
-0.32252 -0.40543 -0.85534
-0.32252 -0.40543 0.85534
-0.32252 0.40543 -0.85534
-0.32252 0.40543 0.85534
-0.32214 -0.58369 -0.74534
-0.32214 -0.58369 0.74534
-0.32214 0.58369 -0.74534
-0.32214 0.58369 0.74534
-0.31678 -0.9462 -0.066042
-0.31678 -0.9462 0.066042
-0.31678 0.9462 -0.066042
-0.31678 0.9462 0.066042
-0.30902 -0.80902 -0.5
-0.30902 -0.80902 0.5
-0.30902 0.80902 -0.5
-0.30902 0.80902 0.5
-0.30766 -0.86973 -0.38591
-0.30766 -0.86973 0.38591
-0.30766 0.86973 -0.38591
-0.30766 0.86973 0.38591
-0.30521 -0.73479 -0.60574
-0.30521 -0.73479 0.60574
-0.30521 0.73479 -0.60574
-0.30521 0.73479 0.60574
-0.3038 -0.47623 -0.82518
-0.3038 -0.47623 0.82518
-0.3038 0.47623 -0.82518
-0.3038 0.47623 0.82518
-0.30126 -0.91624 -0.26408
-0.30126 -0.91624 0.26408
-0.30126 0.91624 -0.26408
-0.30126 0.91624 0.26408
-0.296 -0.64741 -0.70231
-0.296 -0.64741 0.70231
-0.296 0.64741 -0.70231
-0.296 0.64741 0.70231
-0.28993 -0.94782 -0.13257
-0.28993 -0.94782 0.13257
-0.28993 0.94782 -0.13257
-0.28993 0.94782 0.13257
-0.28032 -0.54511 -0.79011
-0.28032 -0.54511 0.79011
-0.28032 0.54511 -0.79011
-0.28032 0.54511 0.79011
-0.27469 -0.85264 -0.44446
-0.27469 -0.85264 0.44446
-0.27469 0.85264 -0.44446
-0.27469 0.85264 0.44446
-0.27371 -0.78571 -0.55474
-0.27371 -0.78571 0.55474
-0.27371 0.78571 -0.55474
-0.27371 0.78571 0.55474
-0.27327 -0.96194 0
-0.27327 0.96194 0
-0.27063 -0.90583 -0.32593
-0.27063 -0.90583 0.32593
-0.27063 0.90583 -0.32593
-0.27063 0.90583 0.32593
-0.26738 -0.70524 -0.65662
-0.26738 -0.70524 0.65662
-0.26738 0.70524 -0.65662
-0.26738 0.70524 0.65662
-0.2664 0 -0.96386
-0.2664 0 0.96386
-0.26552 -0.081501 -0.96065
-0.26552 -0.081501 0.96065
-0.26552 0.081501 -0.96065
-0.26552 0.081501 0.96065
-0.26415 -0.23246 -0.93605
-0.26415 -0.23246 0.93605
-0.26415 0.23246 -0.93605
-0.26415 0.23246 0.93605
-0.26408 -0.30126 -0.91624
-0.26408 -0.30126 0.91624
-0.26408 0.30126 -0.91624
-0.26408 0.30126 0.91624
-0.26287 -0.16246 -0.95106
-0.26287 -0.16246 0.95106
-0.26287 0.16246 -0.95106
-0.26287 0.16246 0.95106
-0.26266 -0.36852 -0.89174
-0.26266 -0.36852 0.89174
-0.26266 0.36852 -0.89174
-0.26266 0.36852 0.89174
-0.26155 -0.94443 -0.19909
-0.26155 -0.94443 0.19909
-0.26155 0.94443 -0.19909
-0.26155 0.94443 0.19909
-0.25989 -0.43389 -0.86267
-0.25989 -0.43389 0.86267
-0.25989 0.43389 -0.86267
-0.25989 0.43389 0.86267
-0.25518 -0.61093 -0.74944
-0.25518 -0.61093 0.74944
-0.25518 0.61093 -0.74944
-0.25518 0.61093 0.74944
-0.24733 -0.96664 -0.066567
-0.24733 -0.96664 0.066567
-0.24733 0.96664 -0.066567
-0.24733 0.96664 0.066567
-0.23868 -0.89101 -0.38619
-0.23868 -0.89101 0.38619
-0.23868 0.89101 -0.38619
-0.23868 0.89101 0.38619
-0.23723 -0.50421 -0.83036
-0.23723 -0.50421 0.83036
-0.23723 0.50421 -0.83036
-0.23723 0.50421 0.83036
-0.23709 -0.75865 -0.60683
-0.23709 -0.75865 0.60683
-0.23709 0.75865 -0.60683
-0.23709 0.75865 0.60683
-0.23345 -0.82715 -0.51121
-0.23345 -0.82715 0.51121
-0.23345 0.82715 -0.51121
-0.23345 0.82715 0.51121
-0.23246 -0.93605 -0.26415
-0.23246 -0.93605 0.26415
-0.23246 0.93605 -0.26415
-0.23246 0.93605 0.26415
-0.2289 -0.67232 -0.70398
-0.2289 -0.67232 0.70398
-0.2289 0.67232 -0.70398
-0.2289 0.67232 0.70398
-0.22012 -0.96639 -0.13279
-0.22012 -0.96639 0.13279
-0.22012 0.96639 -0.13279
-0.22012 0.96639 0.13279
-0.21302 -0.57125 -0.79265
-0.21302 -0.57125 0.79265
-0.21302 0.57125 -0.79265
-0.21302 0.57125 0.79265
-0.2061 -0.97853 0
-0.2061 0.97853 0
-0.20119 -0.92388 -0.32553
-0.20119 -0.92388 0.32553
-0.20119 0.92388 -0.32553
-0.20119 0.92388 0.32553
-0.20037 -0.041251 -0.97885
-0.20037 -0.041251 0.97885
-0.20037 0.041251 -0.97885
-0.20037 0.041251 0.97885
-0.19933 -0.72796 -0.65601
-0.19933 -0.72796 0.65601
-0.19933 0.72796 -0.65601
-0.19933 0.72796 0.65601
-0.19909 -0.26155 -0.94443
-0.19909 -0.26155 0.94443
-0.19909 0.26155 -0.94443
-0.19909 0.26155 0.94443
-0.19858 -0.12273 -0.97237
-0.19858 -0.12273 0.97237
-0.19858 0.12273 -0.97237
-0.19858 0.12273 0.97237
-0.19839 -0.33061 -0.92268
-0.19839 -0.33061 0.92268
-0.19839 0.33061 -0.92268
-0.19839 0.33061 0.92268
-0.19834 -0.19178 -0.96119
-0.19834 -0.19178 0.96119
-0.19834 0.19178 -0.96119
-0.19834 0.19178 0.96119
-0.19823 -0.86853 -0.45426
-0.19823 -0.86853 0.45426
-0.19823 0.86853 -0.45426
-0.19823 0.86853 0.45426
-0.19727 -0.8015 -0.56451
-0.19727 -0.8015 0.56451
-0.19727 0.8015 -0.56451
-0.19727 0.8015 0.56451
-0.19641 -0.39735 -0.8964
-0.19641 -0.39735 0.8964
-0.19641 0.39735 -0.8964
-0.19641 0.39735 0.8964
-0.19602 -0.46027 -0.86587
-0.19602 -0.46027 0.86587
-0.19602 0.46027 -0.86587
-0.19602 0.46027 0.86587
-0.19178 -0.96119 -0.19834
-0.19178 -0.96119 0.19834
-0.19178 0.96119 -0.19834
-0.19178 0.96119 0.19834
-0.18743 -0.63458 -0.74979
-0.18743 -0.63458 0.74979
-0.18743 0.63458 -0.74979
-0.18743 0.63458 0.74979
-0.1796 -0.98148 -0.066604
-0.1796 -0.98148 0.066604
-0.1796 0.98148 -0.066604
-0.1796 0.98148 0.066604
-0.17253 -0.52914 -0.83081
-0.17253 -0.52914 0.83081
-0.17253 0.52914 -0.83081
-0.17253 0.52914 0.83081
-0.16246 -0.95106 -0.26287
-0.16246 -0.95106 0.26287
-0.16246 0.95106 -0.26287
-0.16246 0.95106 0.26287
-0.16101 -0.90484 -0.39414
-0.16101 -0.90484 0.39414
-0.16101 0.90484 -0.39414
-0.16101 0.90484 0.39414
-0.16062 -0.69378 -0.70205
-0.16062 -0.69378 0.70205
-0.16062 0.69378 -0.70205
-0.16062 0.69378 0.70205
-0.15961 -0.77184 -0.61546
-0.15961 -0.77184 0.61546
-0.15961 0.77184 -0.61546
-0.15961 0.77184 0.61546
-0.15643 -0.84018 -0.51926
-0.15643 -0.84018 0.51926
-0.15643 0.84018 -0.51926
-0.15643 0.84018 0.51926
-0.15155 -0.97943 -0.13326
-0.15155 -0.97943 0.13326
-0.15155 0.97943 -0.13326
-0.15155 0.97943 0.13326
-0.14741 -0.5949 -0.79017
-0.14741 -0.5949 0.79017
-0.14741 0.5949 -0.79017
-0.14741 0.5949 0.79017
-0.13795 -0.99044 0
-0.13795 0.99044 0
-0.13352 0 -0.99105
-0.13352 0 0.99105
-0.13326 -0.15155 -0.97943
-0.13326 -0.15155 0.97943
-0.13326 0.15155 -0.97943
-0.13326 0.15155 0.97943
-0.13307 -0.082242 -0.98769
-0.13307 -0.082242 0.98769
-0.13307 0.082242 -0.98769
-0.13307 0.082242 0.98769
-0.13279 -0.22012 -0.96639
-0.13279 -0.22012 0.96639
-0.13279 0.22012 -0.96639
-0.13279 0.22012 0.96639
-0.13257 -0.28993 -0.94782
-0.13257 -0.28993 0.94782
-0.13257 0.28993 -0.94782
-0.13257 0.28993 0.94782
-0.13175 -0.42236 -0.8968
-0.13175 -0.42236 0.8968
-0.13175 0.42236 -0.8968
-0.13175 0.42236 0.8968
-0.13166 -0.35823 -0.9243
-0.13166 -0.35823 0.9243
-0.13166 0.35823 -0.9243
-0.13166 0.35823 0.9243
-0.1312 -0.48444 -0.86493
-0.1312 -0.48444 0.86493
-0.1312 0.48444 -0.86493
-0.1312 0.48444 0.86493
-0.1228 -0.93513 -0.33234
-0.1228 -0.93513 0.33234
-0.1228 0.93513 -0.33234
-0.1228 0.93513 0.33234
-0.12273 -0.97237 -0.19858
-0.12273 -0.97237 0.19858
-0.12273 0.97237 -0.19858
-0.12273 0.97237 0.19858
-0.12119 -0.73889 -0.66284
-0.12119 -0.73889 0.66284
-0.12119 0.73889 -0.66284
-0.12119 0.73889 0.66284
-0.12114 -0.65628 -0.74473
-0.12114 -0.65628 0.74473
-0.12114 0.65628 -0.74473
-0.12114 0.65628 0.74473
-0.11976 -0.87934 -0.46088
-0.11976 -0.87934 0.46088
-0.11976 0.87934 -0.46088
-0.11976 0.87934 0.46088
-0.11908 -0.81217 -0.57114
-0.11908 -0.81217 0.57114
-0.11908 0.81217 -0.57114
-0.11908 0.81217 0.57114
-0.11038 -0.99165 -0.066709
-0.11038 -0.99165 0.066709
-0.11038 0.99165 -0.066709
-0.11038 0.99165 0.066709
-0.10649 -0.55186 -0.82711
-0.10649 -0.55186 0.82711
-0.10649 0.55186 -0.82711
-0.10649 0.55186 0.82711
-0.082324 -0.91298 -0.39961
-0.082324 -0.91298 0.39961
-0.082324 0.91298 -0.39961
-0.082324 0.91298 0.39961
-0.082242 -0.98769 -0.13307
-0.082242 -0.98769 0.13307
-0.082242 0.98769 -0.13307
-0.082242 0.98769 0.13307
-0.081501 -0.96065 -0.26552
-0.081501 -0.96065 0.26552
-0.081501 0.96065 -0.26552
-0.081501 0.96065 0.26552
-0.081142 -0.7802 -0.62024
-0.081142 -0.7802 0.62024
-0.081142 0.7802 -0.62024
-0.081142 0.7802 0.62024
-0.081086 -0.61564 -0.78384
-0.081086 -0.61564 0.78384
-0.081086 0.61564 -0.78384
-0.081086 0.61564 0.78384
-0.080573 -0.70062 -0.70897
-0.080573 -0.70062 0.70897
-0.080573 0.70062 -0.70897
-0.080573 0.70062 0.70897
-0.078459 -0.84803 -0.52411
-0.078459 -0.84803 0.52411
-0.078459 0.84803 -0.52411
-0.078459 0.84803 0.52411
-0.069142 -0.99761 0
-0.069142 0.99761 0
-0.066741 -0.041248 -0.99692
-0.066741 -0.041248 0.99692
-0.066741 0.041248 -0.99692
-0.066741 0.041248 0.99692
-0.066709 -0.11038 -0.99165
-0.066709 -0.11038 0.99165
-0.066709 0.11038 -0.99165
-0.066709 0.11038 0.99165
-0.066604 -0.1796 -0.98148
-0.066604 -0.1796 0.98148
-0.066604 0.1796 -0.98148
-0.066604 0.1796 0.98148
-0.066567 -0.24733 -0.96664
-0.066567 -0.24733 0.96664
-0.066567 0.24733 -0.96664
-0.066567 0.24733 0.96664
-0.066042 -0.31678 -0.9462
-0.066042 -0.31678 0.9462
-0.066042 0.31678 -0.9462
-0.066042 0.31678 0.9462
-0.065988 -0.38172 -0.92192
-0.065988 -0.38172 0.92192
-0.065988 0.38172 -0.92192
-0.065988 0.38172 0.92192
-0.065817 -0.44537 -0.89293
-0.065817 -0.44537 0.89293
-0.065817 0.44537 -0.89293
-0.065817 0.44537 0.89293
-0.065758 -0.5063 -0.85985
-0.065758 -0.5063 0.85985
-0.065758 0.5063 -0.85985
-0.065758 0.5063 0.85985
-0.041302 -0.94162 -0.33414
-0.041302 -0.94162 0.33414
-0.041302 0.94162 -0.33414
-0.041302 0.94162 0.33414
-0.041299 -0.88476 -0.46421
-0.041299 -0.88476 0.46421
-0.041299 0.88476 -0.46421
-0.041299 0.88476 0.46421
-0.041251 -0.97885 -0.20037
-0.041251 -0.97885 0.20037
-0.041251 0.97885 -0.20037
-0.041251 0.97885 0.20037
-0.041248 -0.99692 -0.066741
-0.041248 -0.99692 0.066741
-0.041248 0.99692 -0.066741
-0.041248 0.99692 0.066741
-0.040677 -0.7435 -0.6675
-0.040677 -0.7435 0.6675
-0.040677 0.7435 -0.6675
-0.040677 0.7435 0.6675
-0.040675 -0.81752 -0.57446
-0.040675 -0.81752 0.57446
-0.040675 0.81752 -0.57446
-0.040675 0.81752 0.57446
-0.040642 -0.66088 -0.74939
-0.040642 -0.66088 0.74939
-0.040642 0.66088 -0.74939
-0.040642 0.66088 0.74939
-0.04064 -0.57206 -0.81921
-0.04064 -0.57206 0.81921
-0.04064 0.57206 -0.81921
-0.04064 0.57206 0.81921
0 -1 0
0 -0.99105 -0.13352
0 -0.99105 0.13352
0 -0.96386 -0.2664
0 -0.96386 0.2664
0 -0.91609 -0.40097
0 -0.91609 0.40097
0 -0.85065 -0.52573
0 -0.85065 0.52573
0 -0.78279 -0.62229
0 -0.78279 0.62229
0 -0.70291 -0.71128
0 -0.70291 0.71128
0 -0.61768 -0.78643
0 -0.61768 0.78643
0 -0.52573 -0.85065
0 -0.52573 0.85065
0 -0.46566 -0.88496
0 -0.46566 0.88496
0 -0.40336 -0.91504
0 -0.40336 0.91504
0 -0.33912 -0.94074
0 -0.33912 0.94074
0 -0.27327 -0.96194
0 -0.27327 0.96194
0 -0.2061 -0.97853
0 -0.2061 0.97853
0 -0.13795 -0.99044
0 -0.13795 0.99044
0 -0.069142 -0.99761
0 -0.069142 0.99761
0 0 -1
0 0 1
0 0.069142 -0.99761
0 0.069142 0.99761
0 0.13795 -0.99044
0 0.13795 0.99044
0 0.2061 -0.97853
0 0.2061 0.97853
0 0.27327 -0.96194
0 0.27327 0.96194
0 0.33912 -0.94074
0 0.33912 0.94074
0 0.40336 -0.91504
0 0.40336 0.91504
0 0.46566 -0.88496
0 0.46566 0.88496
0 0.52573 -0.85065
0 0.52573 0.85065
0 0.61768 -0.78643
0 0.61768 0.78643
0 0.70291 -0.71128
0 0.70291 0.71128
0 0.78279 -0.62229
0 0.78279 0.62229
0 0.85065 -0.52573
0 0.85065 0.52573
0 0.91609 -0.40097
0 0.91609 0.40097
0 0.96386 -0.2664
0 0.96386 0.2664
0 0.99105 -0.13352
0 0.99105 0.13352
0 1 0
0.04064 -0.57206 -0.81921
0.04064 -0.57206 0.81921
0.04064 0.57206 -0.81921
0.04064 0.57206 0.81921
0.040642 -0.66088 -0.74939
0.040642 -0.66088 0.74939
0.040642 0.66088 -0.74939
0.040642 0.66088 0.74939
0.040675 -0.81752 -0.57446
0.040675 -0.81752 0.57446
0.040675 0.81752 -0.57446
0.040675 0.81752 0.57446
0.040677 -0.7435 -0.6675
0.040677 -0.7435 0.6675
0.040677 0.7435 -0.6675
0.040677 0.7435 0.6675
0.041248 -0.99692 -0.066741
0.041248 -0.99692 0.066741
0.041248 0.99692 -0.066741
0.041248 0.99692 0.066741
0.041251 -0.97885 -0.20037
0.041251 -0.97885 0.20037
0.041251 0.97885 -0.20037
0.041251 0.97885 0.20037
0.041299 -0.88476 -0.46421
0.041299 -0.88476 0.46421
0.041299 0.88476 -0.46421
0.041299 0.88476 0.46421
0.041302 -0.94162 -0.33414
0.041302 -0.94162 0.33414
0.041302 0.94162 -0.33414
0.041302 0.94162 0.33414
0.065758 -0.5063 -0.85985
0.065758 -0.5063 0.85985
0.065758 0.5063 -0.85985
0.065758 0.5063 0.85985
0.065817 -0.44537 -0.89293
0.065817 -0.44537 0.89293
0.065817 0.44537 -0.89293
0.065817 0.44537 0.89293
0.065988 -0.38172 -0.92192
0.065988 -0.38172 0.92192
0.065988 0.38172 -0.92192
0.065988 0.38172 0.92192
0.066042 -0.31678 -0.9462
0.066042 -0.31678 0.9462
0.066042 0.31678 -0.9462
0.066042 0.31678 0.9462
0.066567 -0.24733 -0.96664
0.066567 -0.24733 0.96664
0.066567 0.24733 -0.96664
0.066567 0.24733 0.96664
0.066604 -0.1796 -0.98148
0.066604 -0.1796 0.98148
0.066604 0.1796 -0.98148
0.066604 0.1796 0.98148
0.066709 -0.11038 -0.99165
0.066709 -0.11038 0.99165
0.066709 0.11038 -0.99165
0.066709 0.11038 0.99165
0.066741 -0.041248 -0.99692
0.066741 -0.041248 0.99692
0.066741 0.041248 -0.99692
0.066741 0.041248 0.99692
0.069142 -0.99761 0
0.069142 0.99761 0
0.078459 -0.84803 -0.52411
0.078459 -0.84803 0.52411
0.078459 0.84803 -0.52411
0.078459 0.84803 0.52411
0.080573 -0.70062 -0.70897
0.080573 -0.70062 0.70897
0.080573 0.70062 -0.70897
0.080573 0.70062 0.70897
0.081086 -0.61564 -0.78384
0.081086 -0.61564 0.78384
0.081086 0.61564 -0.78384
0.081086 0.61564 0.78384
0.081142 -0.7802 -0.62024
0.081142 -0.7802 0.62024
0.081142 0.7802 -0.62024
0.081142 0.7802 0.62024
0.081501 -0.96065 -0.26552
0.081501 -0.96065 0.26552
0.081501 0.96065 -0.26552
0.081501 0.96065 0.26552
0.082242 -0.98769 -0.13307
0.082242 -0.98769 0.13307
0.082242 0.98769 -0.13307
0.082242 0.98769 0.13307
0.082324 -0.91298 -0.39961
0.082324 -0.91298 0.39961
0.082324 0.91298 -0.39961
0.082324 0.91298 0.39961
0.10649 -0.55186 -0.82711
0.10649 -0.55186 0.82711
0.10649 0.55186 -0.82711
0.10649 0.55186 0.82711
0.11038 -0.99165 -0.066709
0.11038 -0.99165 0.066709
0.11038 0.99165 -0.066709
0.11038 0.99165 0.066709
0.11908 -0.81217 -0.57114
0.11908 -0.81217 0.57114
0.11908 0.81217 -0.57114
0.11908 0.81217 0.57114
0.11976 -0.87934 -0.46088
0.11976 -0.87934 0.46088
0.11976 0.87934 -0.46088
0.11976 0.87934 0.46088
0.12114 -0.65628 -0.74473
0.12114 -0.65628 0.74473
0.12114 0.65628 -0.74473
0.12114 0.65628 0.74473
0.12119 -0.73889 -0.66284
0.12119 -0.73889 0.66284
0.12119 0.73889 -0.66284
0.12119 0.73889 0.66284
0.12273 -0.97237 -0.19858
0.12273 -0.97237 0.19858
0.12273 0.97237 -0.19858
0.12273 0.97237 0.19858
0.1228 -0.93513 -0.33234
0.1228 -0.93513 0.33234
0.1228 0.93513 -0.33234
0.1228 0.93513 0.33234
0.1312 -0.48444 -0.86493
0.1312 -0.48444 0.86493
0.1312 0.48444 -0.86493
0.1312 0.48444 0.86493
0.13166 -0.35823 -0.9243
0.13166 -0.35823 0.9243
0.13166 0.35823 -0.9243
0.13166 0.35823 0.9243
0.13175 -0.42236 -0.8968
0.13175 -0.42236 0.8968
0.13175 0.42236 -0.8968
0.13175 0.42236 0.8968
0.13257 -0.28993 -0.94782
0.13257 -0.28993 0.94782
0.13257 0.28993 -0.94782
0.13257 0.28993 0.94782
0.13279 -0.22012 -0.96639
0.13279 -0.22012 0.96639
0.13279 0.22012 -0.96639
0.13279 0.22012 0.96639
0.13307 -0.082242 -0.98769
0.13307 -0.082242 0.98769
0.13307 0.082242 -0.98769
0.13307 0.082242 0.98769
0.13326 -0.15155 -0.97943
0.13326 -0.15155 0.97943
0.13326 0.15155 -0.97943
0.13326 0.15155 0.97943
0.13352 0 -0.99105
0.13352 0 0.99105
0.13795 -0.99044 0
0.13795 0.99044 0
0.14741 -0.5949 -0.79017
0.14741 -0.5949 0.79017
0.14741 0.5949 -0.79017
0.14741 0.5949 0.79017
0.15155 -0.97943 -0.13326
0.15155 -0.97943 0.13326
0.15155 0.97943 -0.13326
0.15155 0.97943 0.13326
0.15643 -0.84018 -0.51926
0.15643 -0.84018 0.51926
0.15643 0.84018 -0.51926
0.15643 0.84018 0.51926
0.15961 -0.77184 -0.61546
0.15961 -0.77184 0.61546
0.15961 0.77184 -0.61546
0.15961 0.77184 0.61546
0.16062 -0.69378 -0.70205
0.16062 -0.69378 0.70205
0.16062 0.69378 -0.70205
0.16062 0.69378 0.70205
0.16101 -0.90484 -0.39414
0.16101 -0.90484 0.39414
0.16101 0.90484 -0.39414
0.16101 0.90484 0.39414
0.16246 -0.95106 -0.26287
0.16246 -0.95106 0.26287
0.16246 0.95106 -0.26287
0.16246 0.95106 0.26287
0.17253 -0.52914 -0.83081
0.17253 -0.52914 0.83081
0.17253 0.52914 -0.83081
0.17253 0.52914 0.83081
0.1796 -0.98148 -0.066604
0.1796 -0.98148 0.066604
0.1796 0.98148 -0.066604
0.1796 0.98148 0.066604
0.18743 -0.63458 -0.74979
0.18743 -0.63458 0.74979
0.18743 0.63458 -0.74979
0.18743 0.63458 0.74979
0.19178 -0.96119 -0.19834
0.19178 -0.96119 0.19834
0.19178 0.96119 -0.19834
0.19178 0.96119 0.19834
0.19602 -0.46027 -0.86587
0.19602 -0.46027 0.86587
0.19602 0.46027 -0.86587
0.19602 0.46027 0.86587
0.19641 -0.39735 -0.8964
0.19641 -0.39735 0.8964
0.19641 0.39735 -0.8964
0.19641 0.39735 0.8964
0.19727 -0.8015 -0.56451
0.19727 -0.8015 0.56451
0.19727 0.8015 -0.56451
0.19727 0.8015 0.56451
0.19823 -0.86853 -0.45426
0.19823 -0.86853 0.45426
0.19823 0.86853 -0.45426
0.19823 0.86853 0.45426
0.19834 -0.19178 -0.96119
0.19834 -0.19178 0.96119
0.19834 0.19178 -0.96119
0.19834 0.19178 0.96119
0.19839 -0.33061 -0.92268
0.19839 -0.33061 0.92268
0.19839 0.33061 -0.92268
0.19839 0.33061 0.92268
0.19858 -0.12273 -0.97237
0.19858 -0.12273 0.97237
0.19858 0.12273 -0.97237
0.19858 0.12273 0.97237
0.19909 -0.26155 -0.94443
0.19909 -0.26155 0.94443
0.19909 0.26155 -0.94443
0.19909 0.26155 0.94443
0.19933 -0.72796 -0.65601
0.19933 -0.72796 0.65601
0.19933 0.72796 -0.65601
0.19933 0.72796 0.65601
0.20037 -0.041251 -0.97885
0.20037 -0.041251 0.97885
0.20037 0.041251 -0.97885
0.20037 0.041251 0.97885
0.20119 -0.92388 -0.32553
0.20119 -0.92388 0.32553
0.20119 0.92388 -0.32553
0.20119 0.92388 0.32553
0.2061 -0.97853 0
0.2061 0.97853 0
0.21302 -0.57125 -0.79265
0.21302 -0.57125 0.79265
0.21302 0.57125 -0.79265
0.21302 0.57125 0.79265
0.22012 -0.96639 -0.13279
0.22012 -0.96639 0.13279
0.22012 0.96639 -0.13279
0.22012 0.96639 0.13279
0.2289 -0.67232 -0.70398
0.2289 -0.67232 0.70398
0.2289 0.67232 -0.70398
0.2289 0.67232 0.70398
0.23246 -0.93605 -0.26415
0.23246 -0.93605 0.26415
0.23246 0.93605 -0.26415
0.23246 0.93605 0.26415
0.23345 -0.82715 -0.51121
0.23345 -0.82715 0.51121
0.23345 0.82715 -0.51121
0.23345 0.82715 0.51121
0.23709 -0.75865 -0.60683
0.23709 -0.75865 0.60683
0.23709 0.75865 -0.60683
0.23709 0.75865 0.60683
0.23723 -0.50421 -0.83036
0.23723 -0.50421 0.83036
0.23723 0.50421 -0.83036
0.23723 0.50421 0.83036
0.23868 -0.89101 -0.38619
0.23868 -0.89101 0.38619
0.23868 0.89101 -0.38619
0.23868 0.89101 0.38619
0.24733 -0.96664 -0.066567
0.24733 -0.96664 0.066567
0.24733 0.96664 -0.066567
0.24733 0.96664 0.066567
0.25518 -0.61093 -0.74944
0.25518 -0.61093 0.74944
0.25518 0.61093 -0.74944
0.25518 0.61093 0.74944
0.25989 -0.43389 -0.86267
0.25989 -0.43389 0.86267
0.25989 0.43389 -0.86267
0.25989 0.43389 0.86267
0.26155 -0.94443 -0.19909
0.26155 -0.94443 0.19909
0.26155 0.94443 -0.19909
0.26155 0.94443 0.19909
0.26266 -0.36852 -0.89174
0.26266 -0.36852 0.89174
0.26266 0.36852 -0.89174
0.26266 0.36852 0.89174
0.26287 -0.16246 -0.95106
0.26287 -0.16246 0.95106
0.26287 0.16246 -0.95106
0.26287 0.16246 0.95106
0.26408 -0.30126 -0.91624
0.26408 -0.30126 0.91624
0.26408 0.30126 -0.91624
0.26408 0.30126 0.91624
0.26415 -0.23246 -0.93605
0.26415 -0.23246 0.93605
0.26415 0.23246 -0.93605
0.26415 0.23246 0.93605
0.26552 -0.081501 -0.96065
0.26552 -0.081501 0.96065
0.26552 0.081501 -0.96065
0.26552 0.081501 0.96065
0.2664 0 -0.96386
0.2664 0 0.96386
0.26738 -0.70524 -0.65662
0.26738 -0.70524 0.65662
0.26738 0.70524 -0.65662
0.26738 0.70524 0.65662
0.27063 -0.90583 -0.32593
0.27063 -0.90583 0.32593
0.27063 0.90583 -0.32593
0.27063 0.90583 0.32593
0.27327 -0.96194 0
0.27327 0.96194 0
0.27371 -0.78571 -0.55474
0.27371 -0.78571 0.55474
0.27371 0.78571 -0.55474
0.27371 0.78571 0.55474
0.27469 -0.85264 -0.44446
0.27469 -0.85264 0.44446
0.27469 0.85264 -0.44446
0.27469 0.85264 0.44446
0.28032 -0.54511 -0.79011
0.28032 -0.54511 0.79011
0.28032 0.54511 -0.79011
0.28032 0.54511 0.79011
0.28993 -0.94782 -0.13257
0.28993 -0.94782 0.13257
0.28993 0.94782 -0.13257
0.28993 0.94782 0.13257
0.296 -0.64741 -0.70231
0.296 -0.64741 0.70231
0.296 0.64741 -0.70231
0.296 0.64741 0.70231
0.30126 -0.91624 -0.26408
0.30126 -0.91624 0.26408
0.30126 0.91624 -0.26408
0.30126 0.91624 0.26408
0.3038 -0.47623 -0.82518
0.3038 -0.47623 0.82518
0.3038 0.47623 -0.82518
0.3038 0.47623 0.82518
0.30521 -0.73479 -0.60574
0.30521 -0.73479 0.60574
0.30521 0.73479 -0.60574
0.30521 0.73479 0.60574
0.30766 -0.86973 -0.38591
0.30766 -0.86973 0.38591
0.30766 0.86973 -0.38591
0.30766 0.86973 0.38591
0.30902 -0.80902 -0.5
0.30902 -0.80902 0.5
0.30902 0.80902 -0.5
0.30902 0.80902 0.5
0.31678 -0.9462 -0.066042
0.31678 -0.9462 0.066042
0.31678 0.9462 -0.066042
0.31678 0.9462 0.066042
0.32214 -0.58369 -0.74534
0.32214 -0.58369 0.74534
0.32214 0.58369 -0.74534
0.32214 0.58369 0.74534
0.32252 -0.40543 -0.85534
0.32252 -0.40543 0.85534
0.32252 0.40543 -0.85534
0.32252 0.40543 0.85534
0.32486 -0.33921 -0.88284
0.32486 -0.33921 0.88284
0.32486 0.33921 -0.88284
0.32486 0.33921 0.88284
0.32553 -0.20119 -0.92388
0.32553 -0.20119 0.92388
0.32553 0.20119 -0.92388
0.32553 0.20119 0.92388
0.32593 -0.27063 -0.90583
0.32593 -0.27063 0.90583
0.32593 0.27063 -0.90583
0.32593 0.27063 0.90583
0.33061 -0.92268 -0.19839
0.33061 -0.92268 0.19839
0.33061 0.92268 -0.19839
0.33061 0.92268 0.19839
0.33234 -0.1228 -0.93513
0.33234 -0.1228 0.93513
0.33234 0.1228 -0.93513
0.33234 0.1228 0.93513
0.33414 -0.041302 -0.94162
0.33414 -0.041302 0.94162
0.33414 0.041302 -0.94162
0.33414 0.041302 0.94162
0.33469 -0.67891 -0.6535
0.33469 -0.67891 0.6535
0.33469 0.67891 -0.6535
0.33469 0.67891 0.6535
0.33912 -0.94074 0
0.33912 0.94074 0
0.33921 -0.88284 -0.32486
0.33921 -0.88284 0.32486
0.33921 0.88284 -0.32486
0.33921 0.88284 0.32486
0.34144 -0.76041 -0.55245
0.34144 -0.76041 0.55245
0.34144 0.76041 -0.55245
0.34144 0.76041 0.55245
0.34285 -0.82845 -0.44287
0.34285 -0.82845 0.44287
0.34285 0.82845 -0.44287
0.34285 0.82845 0.44287
0.34615 -0.51612 -0.78345
0.34615 -0.51612 0.78345
0.34615 0.51612 -0.78345
0.34615 0.51612 0.78345
0.35823 -0.9243 -0.13166
0.35823 -0.9243 0.13166
0.35823 0.9243 -0.13166
0.35823 0.9243 0.13166
0.36159 -0.61919 -0.69704
0.36159 -0.61919 0.69704
0.36159 0.61919 -0.69704
0.36159 0.61919 0.69704
0.36603 -0.44698 -0.81623
0.36603 -0.44698 0.81623
0.36603 0.44698 -0.81623
0.36603 0.44698 0.81623
0.36852 -0.89174 -0.26266
0.36852 -0.89174 0.26266
0.36852 0.89174 -0.26266
0.36852 0.89174 0.26266
0.37175 -0.70711 -0.6015
0.37175 -0.70711 0.6015
0.37175 0.70711 -0.6015
0.37175 0.70711 0.6015
0.37504 -0.84391 -0.38361
0.37504 -0.84391 0.38361
0.37504 0.84391 -0.38361
0.37504 0.84391 0.38361
0.38172 -0.92192 -0.065988
0.38172 -0.92192 0.065988
0.38172 0.92192 -0.065988
0.38172 0.92192 0.065988
0.38268 -0.7859 -0.48571
0.38268 -0.7859 0.48571
0.38268 0.7859 -0.48571
0.38268 0.7859 0.48571
0.38361 -0.37504 -0.84391
0.38361 -0.37504 0.84391
0.38361 0.37504 -0.84391
0.38361 0.37504 0.84391
0.38591 -0.30766 -0.86973
0.38591 -0.30766 0.86973
0.38591 0.30766 -0.86973
0.38591 0.30766 0.86973
0.38619 -0.23868 -0.89101
0.38619 -0.23868 0.89101
0.38619 0.23868 -0.89101
0.38619 0.23868 0.89101
0.38673 -0.55337 -0.73771
0.38673 -0.55337 0.73771
0.38673 0.55337 -0.73771
0.38673 0.55337 0.73771
0.39414 -0.16101 -0.90484
0.39414 -0.16101 0.90484
0.39414 0.16101 -0.90484
0.39414 0.16101 0.90484
0.39735 -0.8964 -0.19641
0.39735 -0.8964 0.19641
0.39735 0.8964 -0.19641
0.39735 0.8964 0.19641
0.39961 -0.082324 -0.91298
0.39961 -0.082324 0.91298
0.39961 0.082324 -0.91298
0.39961 0.082324 0.91298
0.39977 -0.64945 -0.64684
0.39977 -0.64945 0.64684
0.39977 0.64945 -0.64684
0.39977 0.64945 0.64684
0.40097 0 -0.91609
0.40097 0 0.91609
0.40336 -0.91504 0
0.40336 0.91504 0
0.40543 -0.85534 -0.32252
0.40543 -0.85534 0.32252
0.40543 0.85534 -0.32252
0.40543 0.85534 0.32252
0.40829 -0.48624 -0.77258
0.40829 -0.48624 0.77258
0.40829 0.48624 -0.77258
0.40829 0.48624 0.77258
0.41427 -0.73501 -0.53678
0.41427 -0.73501 0.53678
0.41427 0.73501 -0.53678
0.41427 0.73501 0.53678
0.4156 -0.80302 -0.42713
0.4156 -0.80302 0.42713
0.4156 0.80302 -0.42713
0.4156 0.80302 0.42713
0.42236 -0.8968 -0.13175
0.42236 -0.8968 0.13175
0.42236 0.8968 -0.13175
0.42236 0.8968 0.13175
0.42533 -0.58779 -0.68819
0.42533 -0.58779 0.68819
0.42533 0.58779 -0.68819
0.42533 0.58779 0.68819
0.42713 -0.4156 -0.80302
0.42713 -0.4156 0.80302
0.42713 0.4156 -0.80302
0.42713 0.4156 0.80302
0.43389 -0.86267 -0.25989
0.43389 -0.86267 0.25989
0.43389 0.86267 -0.25989
0.43389 0.86267 0.25989
0.44287 -0.34285 -0.82845
0.44287 -0.34285 0.82845
0.44287 0.34285 -0.82845
0.44287 0.34285 0.82845
0.44396 -0.67898 -0.58472
0.44396 -0.67898 0.58472
0.44396 0.67898 -0.58472
0.44396 0.67898 0.58472
0.44446 -0.27469 -0.85264
0.44446 -0.27469 0.85264
0.44446 0.27469 -0.85264
0.44446 0.27469 0.85264
0.44537 -0.89293 -0.065817
0.44537 -0.89293 0.065817
0.44537 0.89293 -0.065817
0.44537 0.89293 0.065817
0.44698 -0.81623 -0.36603
0.44698 -0.81623 0.36603
0.44698 0.81623 -0.36603
0.44698 0.81623 0.36603
0.44826 -0.5225 -0.7253
0.44826 -0.5225 0.7253
0.44826 0.5225 -0.7253
0.44826 0.5225 0.7253
0.45399 -0.75794 -0.46843
0.45399 -0.75794 0.46843
0.45399 0.75794 -0.46843
0.45399 0.75794 0.46843
0.45426 -0.19823 -0.86853
0.45426 -0.19823 0.86853
0.45426 0.19823 -0.86853
0.45426 0.19823 0.86853
0.46027 -0.86587 -0.19602
0.46027 -0.86587 0.19602
0.46027 0.86587 -0.19602
0.46027 0.86587 0.19602
0.46088 -0.11976 -0.87934
0.46088 -0.11976 0.87934
0.46088 0.11976 -0.87934
0.46088 0.11976 0.87934
0.46421 -0.041299 -0.88476
0.46421 -0.041299 0.88476
0.46421 0.041299 -0.88476
0.46421 0.041299 0.88476
0.46566 -0.88496 0
0.46566 0.88496 0
0.46843 -0.45399 -0.75794
0.46843 -0.45399 0.75794
0.46843 0.45399 -0.75794
0.46843 0.45399 0.75794
0.47092 -0.61924 -0.62831
0.47092 -0.61924 0.62831
0.47092 0.61924 -0.62831
0.47092 0.61924 0.62831
0.47623 -0.82518 -0.3038
0.47623 -0.82518 0.3038
0.47623 0.82518 -0.3038
0.47623 0.82518 0.3038
0.48444 -0.86493 -0.1312
0.48444 -0.86493 0.1312
0.48444 0.86493 -0.1312
0.48444 0.86493 0.1312
0.48521 -0.70447 -0.51797
0.48521 -0.70447 0.51797
0.48521 0.70447 -0.51797
0.48521 0.70447 0.51797
0.48571 -0.38268 -0.7859
0.48571 -0.38268 0.7859
0.48571 0.38268 -0.7859
0.48571 0.38268 0.7859
0.48624 -0.77258 -0.40829
0.48624 -0.77258 0.40829
0.48624 0.77258 -0.40829
0.48624 0.77258 0.40829
0.49644 -0.55242 -0.66961
0.49644 -0.55242 0.66961
0.49644 0.55242 -0.66961
0.49644 0.55242 0.66961
0.5 -0.30902 -0.80902
0.5 -0.30902 0.80902
0.5 0.30902 -0.80902
0.5 0.30902 0.80902
0.50421 -0.83036 -0.23723
0.50421 -0.83036 0.23723
0.50421 0.83036 -0.23723
0.50421 0.83036 0.23723
0.5063 -0.85985 -0.065758
0.5063 -0.85985 0.065758
0.5063 0.85985 -0.065758
0.5063 0.85985 0.065758
0.51121 -0.23345 -0.82715
0.51121 -0.23345 0.82715
0.51121 0.23345 -0.82715
0.51121 0.23345 0.82715
0.51338 -0.64658 -0.56425
0.51338 -0.64658 0.56425
0.51338 0.64658 -0.56425
0.51338 0.64658 0.56425
0.51612 -0.78345 -0.34615
0.51612 -0.78345 0.34615
0.51612 0.78345 -0.34615
0.51612 0.78345 0.34615
0.51797 -0.48521 -0.70447
0.51797 -0.48521 0.70447
0.51797 0.48521 -0.70447
0.51797 0.48521 0.70447
0.51926 -0.15643 -0.84018
0.51926 -0.15643 0.84018
0.51926 0.15643 -0.84018
0.51926 0.15643 0.84018
0.5225 -0.7253 -0.44826
0.5225 -0.7253 0.44826
0.5225 0.7253 -0.44826
0.5225 0.7253 0.44826
0.52411 -0.078459 -0.84803
0.52411 -0.078459 0.84803
0.52411 0.078459 -0.84803
0.52411 0.078459 0.84803
0.52573 -0.85065 0
0.52573 0 -0.85065
0.52573 0 0.85065
0.52573 0.85065 0
0.52914 -0.83081 -0.17253
0.52914 -0.83081 0.17253
0.52914 0.83081 -0.17253
0.52914 0.83081 0.17253
0.53678 -0.41427 -0.73501
0.53678 -0.41427 0.73501
0.53678 0.41427 -0.73501
0.53678 0.41427 0.73501
0.54065 -0.58195 -0.60748
0.54065 -0.58195 0.60748
0.54065 0.58195 -0.60748
0.54065 0.58195 0.60748
0.54511 -0.79011 -0.28032
0.54511 -0.79011 0.28032
0.54511 0.79011 -0.28032
0.54511 0.79011 0.28032
0.55186 -0.82711 -0.10649
0.55186 -0.82711 0.10649
0.55186 0.82711 -0.10649
0.55186 0.82711 0.10649
0.55242 -0.66961 -0.49644
0.55242 -0.66961 0.49644
0.55242 0.66961 -0.49644
0.55242 0.66961 0.49644
0.55245 -0.34144 -0.76041
0.55245 -0.34144 0.76041
0.55245 0.34144 -0.76041
0.55245 0.34144 0.76041
0.55337 -0.73771 -0.38673
0.55337 -0.73771 0.38673
0.55337 0.73771 -0.38673
0.55337 0.73771 0.38673
0.55474 -0.27371 -0.78571
0.55474 -0.27371 0.78571
0.55474 0.27371 -0.78571
0.55474 0.27371 0.78571
0.56425 -0.51338 -0.64658
0.56425 -0.51338 0.64658
0.56425 0.51338 -0.64658
0.56425 0.51338 0.64658
0.56451 -0.19727 -0.8015
0.56451 -0.19727 0.8015
0.56451 0.19727 -0.8015
0.56451 0.19727 0.8015
0.57114 -0.11908 -0.81217
0.57114 -0.11908 0.81217
0.57114 0.11908 -0.81217
0.57114 0.11908 0.81217
0.57125 -0.79265 -0.21302
0.57125 -0.79265 0.21302
0.57125 0.79265 -0.21302
0.57125 0.79265 0.21302
0.57206 -0.81921 -0.04064
0.57206 -0.81921 0.04064
0.57206 0.81921 -0.04064
0.57206 0.81921 0.04064
0.57446 -0.040675 -0.81752
0.57446 -0.040675 0.81752
0.57446 0.040675 -0.81752
0.57446 0.040675 0.81752
0.58195 -0.60748 -0.54065
0.58195 -0.60748 0.54065
0.58195 0.60748 -0.54065
0.58195 0.60748 0.54065
0.58369 -0.74534 -0.32214
0.58369 -0.74534 0.32214
0.58369 0.74534 -0.32214
0.58369 0.74534 0.32214
0.58472 -0.44396 -0.67898
0.58472 -0.44396 0.67898
0.58472 0.44396 -0.67898
0.58472 0.44396 0.67898
0.58779 -0.68819 -0.42533
0.58779 -0.68819 0.42533
0.58779 0.68819 -0.42533
0.58779 0.68819 0.42533
0.5949 -0.79017 -0.14741
0.5949 -0.79017 0.14741
0.5949 0.79017 -0.14741
0.5949 0.79017 0.14741
0.6015 -0.37175 -0.70711
0.6015 -0.37175 0.70711
0.6015 0.37175 -0.70711
0.6015 0.37175 0.70711
0.60574 -0.30521 -0.73479
0.60574 -0.30521 0.73479
0.60574 0.30521 -0.73479
0.60574 0.30521 0.73479
0.60683 -0.23709 -0.75865
0.60683 -0.23709 0.75865
0.60683 0.23709 -0.75865
0.60683 0.23709 0.75865
0.60748 -0.54065 -0.58195
0.60748 -0.54065 0.58195
0.60748 0.54065 -0.58195
0.60748 0.54065 0.58195
0.61093 -0.74944 -0.25518
0.61093 -0.74944 0.25518
0.61093 0.74944 -0.25518
0.61093 0.74944 0.25518
0.61546 -0.15961 -0.77184
0.61546 -0.15961 0.77184
0.61546 0.15961 -0.77184
0.61546 0.15961 0.77184
0.61564 -0.78384 -0.081086
0.61564 -0.78384 0.081086
0.61564 0.78384 -0.081086
0.61564 0.78384 0.081086
0.61768 -0.78643 0
0.61768 0.78643 0
0.61919 -0.69704 -0.36159
0.61919 -0.69704 0.36159
0.61919 0.69704 -0.36159
0.61919 0.69704 0.36159
0.61924 -0.62831 -0.47092
0.61924 -0.62831 0.47092
0.61924 0.62831 -0.47092
0.61924 0.62831 0.47092
0.62024 -0.081142 -0.7802
0.62024 -0.081142 0.7802
0.62024 0.081142 -0.7802
0.62024 0.081142 0.7802
0.62229 0 -0.78279
0.62229 0 0.78279
0.62831 -0.47092 -0.61924
0.62831 -0.47092 0.61924
0.62831 0.47092 -0.61924
0.62831 0.47092 0.61924
0.63458 -0.74979 -0.18743
0.63458 -0.74979 0.18743
0.63458 0.74979 -0.18743
0.63458 0.74979 0.18743
0.64658 -0.56425 -0.51338
0.64658 -0.56425 0.51338
0.64658 0.56425 -0.51338
0.64658 0.56425 0.51338
0.64684 -0.39977 -0.64945
0.64684 -0.39977 0.64945
0.64684 0.39977 -0.64945
0.64684 0.39977 0.64945
0.64741 -0.70231 -0.296
0.64741 -0.70231 0.296
0.64741 0.70231 -0.296
0.64741 0.70231 0.296
0.64945 -0.64684 -0.39977
0.64945 -0.64684 0.39977
0.64945 0.64684 -0.39977
0.64945 0.64684 0.39977
0.6535 -0.33469 -0.67891
0.6535 -0.33469 0.67891
0.6535 0.33469 -0.67891
0.6535 0.33469 0.67891
0.65601 -0.19933 -0.72796
0.65601 -0.19933 0.72796
0.65601 0.19933 -0.72796
0.65601 0.19933 0.72796
0.65628 -0.74473 -0.12114
0.65628 -0.74473 0.12114
0.65628 0.74473 -0.12114
0.65628 0.74473 0.12114
0.65662 -0.26738 -0.70524
0.65662 -0.26738 0.70524
0.65662 0.26738 -0.70524
0.65662 0.26738 0.70524
0.66088 -0.74939 -0.040642
0.66088 -0.74939 0.040642
0.66088 0.74939 -0.040642
0.66088 0.74939 0.040642
0.66284 -0.12119 -0.73889
0.66284 -0.12119 0.73889
0.66284 0.12119 -0.73889
0.66284 0.12119 0.73889
0.6675 -0.040677 -0.7435
0.6675 -0.040677 0.7435
0.6675 0.040677 -0.7435
0.6675 0.040677 0.7435
0.66961 -0.49644 -0.55242
0.66961 -0.49644 0.55242
0.66961 0.49644 -0.55242
0.66961 0.49644 0.55242
0.67232 -0.70398 -0.2289
0.67232 -0.70398 0.2289
0.67232 0.70398 -0.2289
0.67232 0.70398 0.2289
0.67891 -0.6535 -0.33469
0.67891 -0.6535 0.33469
0.67891 0.6535 -0.33469
0.67891 0.6535 0.33469
0.67898 -0.58472 -0.44396
0.67898 -0.58472 0.44396
0.67898 0.58472 -0.44396
0.67898 0.58472 0.44396
0.68819 -0.42533 -0.58779
0.68819 -0.42533 0.58779
0.68819 0.42533 -0.58779
0.68819 0.42533 0.58779
0.69378 -0.70205 -0.16062
0.69378 -0.70205 0.16062
0.69378 0.70205 -0.16062
0.69378 0.70205 0.16062
0.69704 -0.36159 -0.61919
0.69704 -0.36159 0.61919
0.69704 0.36159 -0.61919
0.69704 0.36159 0.61919
0.70062 -0.70897 -0.080573
0.70062 -0.70897 0.080573
0.70062 0.70897 -0.080573
0.70062 0.70897 0.080573
0.70205 -0.16062 -0.69378
0.70205 -0.16062 0.69378
0.70205 0.16062 -0.69378
0.70205 0.16062 0.69378
0.70231 -0.296 -0.64741
0.70231 -0.296 0.64741
0.70231 0.296 -0.64741
0.70231 0.296 0.64741
0.70291 -0.71128 0
0.70291 0.71128 0
0.70398 -0.2289 -0.67232
0.70398 -0.2289 0.67232
0.70398 0.2289 -0.67232
0.70398 0.2289 0.67232
0.70447 -0.51797 -0.48521
0.70447 -0.51797 0.48521
0.70447 0.51797 -0.48521
0.70447 0.51797 0.48521
0.70524 -0.65662 -0.26738
0.70524 -0.65662 0.26738
0.70524 0.65662 -0.26738
0.70524 0.65662 0.26738
0.70711 -0.6015 -0.37175
0.70711 -0.6015 0.37175
0.70711 0.6015 -0.37175
0.70711 0.6015 0.37175
0.70897 -0.080573 -0.70062
0.70897 -0.080573 0.70062
0.70897 0.080573 -0.70062
0.70897 0.080573 0.70062
0.71128 0 -0.70291
0.71128 0 0.70291
0.7253 -0.44826 -0.5225
0.7253 -0.44826 0.5225
0.7253 0.44826 -0.5225
0.7253 0.44826 0.5225
0.72796 -0.65601 -0.19933
0.72796 -0.65601 0.19933
0.72796 0.65601 -0.19933
0.72796 0.65601 0.19933
0.73479 -0.60574 -0.30521
0.73479 -0.60574 0.30521
0.73479 0.60574 -0.30521
0.73479 0.60574 0.30521
0.73501 -0.53678 -0.41427
0.73501 -0.53678 0.41427
0.73501 0.53678 -0.41427
0.73501 0.53678 0.41427
0.73771 -0.38673 -0.55337
0.73771 -0.38673 0.55337
0.73771 0.38673 -0.55337
0.73771 0.38673 0.55337
0.73889 -0.66284 -0.12119
0.73889 -0.66284 0.12119
0.73889 0.66284 -0.12119
0.73889 0.66284 0.12119
0.7435 -0.6675 -0.040677
0.7435 -0.6675 0.040677
0.7435 0.6675 -0.040677
0.7435 0.6675 0.040677
0.74473 -0.12114 -0.65628
0.74473 -0.12114 0.65628
0.74473 0.12114 -0.65628
0.74473 0.12114 0.65628
0.74534 -0.32214 -0.58369
0.74534 -0.32214 0.58369
0.74534 0.32214 -0.58369
0.74534 0.32214 0.58369
0.74939 -0.040642 -0.66088
0.74939 -0.040642 0.66088
0.74939 0.040642 -0.66088
0.74939 0.040642 0.66088
0.74944 -0.25518 -0.61093
0.74944 -0.25518 0.61093
0.74944 0.25518 -0.61093
0.74944 0.25518 0.61093
0.74979 -0.18743 -0.63458
0.74979 -0.18743 0.63458
0.74979 0.18743 -0.63458
0.74979 0.18743 0.63458
0.75794 -0.46843 -0.45399
0.75794 -0.46843 0.45399
0.75794 0.46843 -0.45399
0.75794 0.46843 0.45399
0.75865 -0.60683 -0.23709
0.75865 -0.60683 0.23709
0.75865 0.60683 -0.23709
0.75865 0.60683 0.23709
0.76041 -0.55245 -0.34144
0.76041 -0.55245 0.34144
0.76041 0.55245 -0.34144
0.76041 0.55245 0.34144
0.77184 -0.61546 -0.15961
0.77184 -0.61546 0.15961
0.77184 0.61546 -0.15961
0.77184 0.61546 0.15961
0.77258 -0.40829 -0.48624
0.77258 -0.40829 0.48624
0.77258 0.40829 -0.48624
0.77258 0.40829 0.48624
0.7802 -0.62024 -0.081142
0.7802 -0.62024 0.081142
0.7802 0.62024 -0.081142
0.7802 0.62024 0.081142
0.78279 -0.62229 0
0.78279 0.62229 0
0.78345 -0.34615 -0.51612
0.78345 -0.34615 0.51612
0.78345 0.34615 -0.51612
0.78345 0.34615 0.51612
0.78384 -0.081086 -0.61564
0.78384 -0.081086 0.61564
0.78384 0.081086 -0.61564
0.78384 0.081086 0.61564
0.78571 -0.55474 -0.27371
0.78571 -0.55474 0.27371
0.78571 0.55474 -0.27371
0.78571 0.55474 0.27371
0.7859 -0.48571 -0.38268
0.7859 -0.48571 0.38268
0.7859 0.48571 -0.38268
0.7859 0.48571 0.38268
0.78643 0 -0.61768
0.78643 0 0.61768
0.79011 -0.28032 -0.54511
0.79011 -0.28032 0.54511
0.79011 0.28032 -0.54511
0.79011 0.28032 0.54511
0.79017 -0.14741 -0.5949
0.79017 -0.14741 0.5949
0.79017 0.14741 -0.5949
0.79017 0.14741 0.5949
0.79265 -0.21302 -0.57125
0.79265 -0.21302 0.57125
0.79265 0.21302 -0.57125
0.79265 0.21302 0.57125
0.8015 -0.56451 -0.19727
0.8015 -0.56451 0.19727
0.8015 0.56451 -0.19727
0.8015 0.56451 0.19727
0.80302 -0.42713 -0.4156
0.80302 -0.42713 0.4156
0.80302 0.42713 -0.4156
0.80302 0.42713 0.4156
0.80902 -0.5 -0.30902
0.80902 -0.5 0.30902
0.80902 0.5 -0.30902
0.80902 0.5 0.30902
0.81217 -0.57114 -0.11908
0.81217 -0.57114 0.11908
0.81217 0.57114 -0.11908
0.81217 0.57114 0.11908
0.81623 -0.36603 -0.44698
0.81623 -0.36603 0.44698
0.81623 0.36603 -0.44698
0.81623 0.36603 0.44698
0.81752 -0.57446 -0.040675
0.81752 -0.57446 0.040675
0.81752 0.57446 -0.040675
0.81752 0.57446 0.040675
0.81921 -0.04064 -0.57206
0.81921 -0.04064 0.57206
0.81921 0.04064 -0.57206
0.81921 0.04064 0.57206
0.82518 -0.3038 -0.47623
0.82518 -0.3038 0.47623
0.82518 0.3038 -0.47623
0.82518 0.3038 0.47623
0.82711 -0.10649 -0.55186
0.82711 -0.10649 0.55186
0.82711 0.10649 -0.55186
0.82711 0.10649 0.55186
0.82715 -0.51121 -0.23345
0.82715 -0.51121 0.23345
0.82715 0.51121 -0.23345
0.82715 0.51121 0.23345
0.82845 -0.44287 -0.34285
0.82845 -0.44287 0.34285
0.82845 0.44287 -0.34285
0.82845 0.44287 0.34285
0.83036 -0.23723 -0.50421
0.83036 -0.23723 0.50421
0.83036 0.23723 -0.50421
0.83036 0.23723 0.50421
0.83081 -0.17253 -0.52914
0.83081 -0.17253 0.52914
0.83081 0.17253 -0.52914
0.83081 0.17253 0.52914
0.84018 -0.51926 -0.15643
0.84018 -0.51926 0.15643
0.84018 0.51926 -0.15643
0.84018 0.51926 0.15643
0.84391 -0.38361 -0.37504
0.84391 -0.38361 0.37504
0.84391 0.38361 -0.37504
0.84391 0.38361 0.37504
0.84803 -0.52411 -0.078459
0.84803 -0.52411 0.078459
0.84803 0.52411 -0.078459
0.84803 0.52411 0.078459
0.85065 -0.52573 0
0.85065 0 -0.52573
0.85065 0 0.52573
0.85065 0.52573 0
0.85264 -0.44446 -0.27469
0.85264 -0.44446 0.27469
0.85264 0.44446 -0.27469
0.85264 0.44446 0.27469
0.85534 -0.32252 -0.40543
0.85534 -0.32252 0.40543
0.85534 0.32252 -0.40543
0.85534 0.32252 0.40543
0.85985 -0.065758 -0.5063
0.85985 -0.065758 0.5063
0.85985 0.065758 -0.5063
0.85985 0.065758 0.5063
0.86267 -0.25989 -0.43389
0.86267 -0.25989 0.43389
0.86267 0.25989 -0.43389
0.86267 0.25989 0.43389
0.86493 -0.1312 -0.48444
0.86493 -0.1312 0.48444
0.86493 0.1312 -0.48444
0.86493 0.1312 0.48444
0.86587 -0.19602 -0.46027
0.86587 -0.19602 0.46027
0.86587 0.19602 -0.46027
0.86587 0.19602 0.46027
0.86853 -0.45426 -0.19823
0.86853 -0.45426 0.19823
0.86853 0.45426 -0.19823
0.86853 0.45426 0.19823
0.86973 -0.38591 -0.30766
0.86973 -0.38591 0.30766
0.86973 0.38591 -0.30766
0.86973 0.38591 0.30766
0.87934 -0.46088 -0.11976
0.87934 -0.46088 0.11976
0.87934 0.46088 -0.11976
0.87934 0.46088 0.11976
0.88284 -0.32486 -0.33921
0.88284 -0.32486 0.33921
0.88284 0.32486 -0.33921
0.88284 0.32486 0.33921
0.88476 -0.46421 -0.041299
0.88476 -0.46421 0.041299
0.88476 0.46421 -0.041299
0.88476 0.46421 0.041299
0.88496 0 -0.46566
0.88496 0 0.46566
0.89101 -0.38619 -0.23868
0.89101 -0.38619 0.23868
0.89101 0.38619 -0.23868
0.89101 0.38619 0.23868
0.89174 -0.26266 -0.36852
0.89174 -0.26266 0.36852
0.89174 0.26266 -0.36852
0.89174 0.26266 0.36852
0.89293 -0.065817 -0.44537
0.89293 -0.065817 0.44537
0.89293 0.065817 -0.44537
0.89293 0.065817 0.44537
0.8964 -0.19641 -0.39735
0.8964 -0.19641 0.39735
0.8964 0.19641 -0.39735
0.8964 0.19641 0.39735
0.8968 -0.13175 -0.42236
0.8968 -0.13175 0.42236
0.8968 0.13175 -0.42236
0.8968 0.13175 0.42236
0.90484 -0.39414 -0.16101
0.90484 -0.39414 0.16101
0.90484 0.39414 -0.16101
0.90484 0.39414 0.16101
0.90583 -0.32593 -0.27063
0.90583 -0.32593 0.27063
0.90583 0.32593 -0.27063
0.90583 0.32593 0.27063
0.91298 -0.39961 -0.082324
0.91298 -0.39961 0.082324
0.91298 0.39961 -0.082324
0.91298 0.39961 0.082324
0.91504 0 -0.40336
0.91504 0 0.40336
0.91609 -0.40097 0
0.91609 0.40097 0
0.91624 -0.26408 -0.30126
0.91624 -0.26408 0.30126
0.91624 0.26408 -0.30126
0.91624 0.26408 0.30126
0.92192 -0.065988 -0.38172
0.92192 -0.065988 0.38172
0.92192 0.065988 -0.38172
0.92192 0.065988 0.38172
0.92268 -0.19839 -0.33061
0.92268 -0.19839 0.33061
0.92268 0.19839 -0.33061
0.92268 0.19839 0.33061
0.92388 -0.32553 -0.20119
0.92388 -0.32553 0.20119
0.92388 0.32553 -0.20119
0.92388 0.32553 0.20119
0.9243 -0.13166 -0.35823
0.9243 -0.13166 0.35823
0.9243 0.13166 -0.35823
0.9243 0.13166 0.35823
0.93513 -0.33234 -0.1228
0.93513 -0.33234 0.1228
0.93513 0.33234 -0.1228
0.93513 0.33234 0.1228
0.93605 -0.26415 -0.23246
0.93605 -0.26415 0.23246
0.93605 0.26415 -0.23246
0.93605 0.26415 0.23246
0.94074 0 -0.33912
0.94074 0 0.33912
0.94162 -0.33414 -0.041302
0.94162 -0.33414 0.041302
0.94162 0.33414 -0.041302
0.94162 0.33414 0.041302
0.94443 -0.19909 -0.26155
0.94443 -0.19909 0.26155
0.94443 0.19909 -0.26155
0.94443 0.19909 0.26155
0.9462 -0.066042 -0.31678
0.9462 -0.066042 0.31678
0.9462 0.066042 -0.31678
0.9462 0.066042 0.31678
0.94782 -0.13257 -0.28993
0.94782 -0.13257 0.28993
0.94782 0.13257 -0.28993
0.94782 0.13257 0.28993
0.95106 -0.26287 -0.16246
0.95106 -0.26287 0.16246
0.95106 0.26287 -0.16246
0.95106 0.26287 0.16246
0.96065 -0.26552 -0.081501
0.96065 -0.26552 0.081501
0.96065 0.26552 -0.081501
0.96065 0.26552 0.081501
0.96119 -0.19834 -0.19178
0.96119 -0.19834 0.19178
0.96119 0.19834 -0.19178
0.96119 0.19834 0.19178
0.96194 0 -0.27327
0.96194 0 0.27327
0.96386 -0.2664 0
0.96386 0.2664 0
0.96639 -0.13279 -0.22012
0.96639 -0.13279 0.22012
0.96639 0.13279 -0.22012
0.96639 0.13279 0.22012
0.96664 -0.066567 -0.24733
0.96664 -0.066567 0.24733
0.96664 0.066567 -0.24733
0.96664 0.066567 0.24733
0.97237 -0.19858 -0.12273
0.97237 -0.19858 0.12273
0.97237 0.19858 -0.12273
0.97237 0.19858 0.12273
0.97853 0 -0.2061
0.97853 0 0.2061
0.97885 -0.20037 -0.041251
0.97885 -0.20037 0.041251
0.97885 0.20037 -0.041251
0.97885 0.20037 0.041251
0.97943 -0.13326 -0.15155
0.97943 -0.13326 0.15155
0.97943 0.13326 -0.15155
0.97943 0.13326 0.15155
0.98148 -0.066604 -0.1796
0.98148 -0.066604 0.1796
0.98148 0.066604 -0.1796
0.98148 0.066604 0.1796
0.98769 -0.13307 -0.082242
0.98769 -0.13307 0.082242
0.98769 0.13307 -0.082242
0.98769 0.13307 0.082242
0.99044 0 -0.13795
0.99044 0 0.13795
0.99105 -0.13352 0
0.99105 0.13352 0
0.99165 -0.066709 -0.11038
0.99165 -0.066709 0.11038
0.99165 0.066709 -0.11038
0.99165 0.066709 0.11038
0.99692 -0.066741 -0.041248
0.99692 -0.066741 0.041248
0.99692 0.066741 -0.041248
0.99692 0.066741 0.041248
0.99761 0 -0.069142
0.99761 0 0.069142
1 0 0
