1 2 4
1 3 7
1 4 5
1 5 3
1 6 2
1 7 6
2 8 4
3 11 7
4 12 5
5 9 3
6 10 2
7 13 6
14 2 10
14 8 2
14 10 22
14 20 8
14 22 32
14 32 20
15 3 9
15 9 21
15 11 3
15 21 33
15 23 11
15 33 23
16 4 8
16 8 24
16 12 4
16 24 34
16 28 12
16 34 28
17 5 12
17 9 5
17 12 29
17 25 9
17 29 35
17 35 25
18 6 13
18 10 6
18 13 30
18 26 10
18 30 36
18 36 26
19 7 11
19 11 27
19 13 7
19 27 37
19 31 13
19 37 31
20 24 8
23 27 11
25 21 9
26 22 10
28 29 12
31 30 13
32 22 40
33 21 39
34 24 50
35 29 55
36 30 56
37 27 53
38 20 32
39 63 67
40 64 68
41 23 33
42 20 38
42 24 20
42 38 62
42 50 24
42 62 70
42 70 50
43 21 25
43 25 51
43 39 21
43 51 71
43 63 39
43 71 63
44 22 26
44 26 52
44 40 22
44 52 72
44 64 40
44 72 64
45 23 41
45 27 23
45 41 65
45 53 27
45 65 73
45 73 53
46 28 54
46 29 28
46 54 74
46 55 29
46 74 75
46 75 55
47 30 31
47 31 57
47 56 30
47 57 77
47 76 56
47 77 76
48 32 40
48 38 32
48 40 68
48 66 38
48 68 78
48 78 66
49 33 39
49 39 67
49 41 33
49 67 79
49 69 41
49 79 69
50 70 80
51 25 35
52 26 36
53 73 83
54 28 34
55 75 85
56 76 86
57 31 37
58 34 50
58 50 80
58 54 34
58 80 92
58 84 54
58 92 84
59 35 55
59 51 35
59 55 85
59 81 51
59 85 93
59 93 81
60 36 56
60 52 36
60 56 86
60 82 52
60 86 94
60 94 82
61 37 53
61 53 83
61 57 37
61 83 95
61 87 57
61 95 87
66 62 38
67 101 79
68 102 78
69 65 41
70 62 96
71 97 63
72 98 64
73 65 99
77 109 76
78 100 66
79 103 69
80 116 92
81 71 51
82 72 52
83 119 95
84 74 54
85 121 93
86 122 94
87 77 57
88 62 66
88 66 100
88 96 62
88 100 124
88 124 128
88 128 96
89 63 97
89 67 63
89 97 129
89 101 67
89 125 101
89 129 125
90 64 98
90 68 64
90 98 130
90 102 68
90 126 102
90 130 126
91 65 69
91 69 103
91 99 65
91 103 127
91 127 131
91 131 99
92 120 84
93 117 81
94 118 82
95 123 87
101 125 133
102 126 134
104 70 96
104 80 70
104 96 136
104 116 80
104 136 150
104 150 116
105 71 81
105 81 117
105 97 71
105 117 151
105 137 97
105 151 137
106 72 82
106 82 118
106 98 72
106 118 152
106 138 98
106 152 138
107 73 99
107 83 73
107 99 139
107 119 83
107 139 153
107 153 119
108 75 74
110 78 102
110 100 78
110 102 134
110 132 100
110 134 144
110 144 132
111 79 101
111 101 133
111 103 79
111 133 145
111 135 103
111 145 135
112 74 84
112 84 120
112 108 74
112 120 154
112 146 108
112 154 146
113 75 108
113 85 75
113 108 147
113 121 85
113 147 155
113 155 121
114 76 109
114 86 76
114 109 148
114 122 86
114 148 156
114 156 122
115 77 87
115 87 123
115 109 77
115 123 157
115 149 109
115 157 149
116 150 158
119 153 161
121 155 163
122 156 164
124 100 132
127 103 135
128 124 166
129 97 137
130 98 138
131 127 169
136 96 128
137 151 183
138 152 184
139 99 131
140 92 116
140 116 158
140 120 92
140 158 186
140 162 120
140 186 162
141 93 121
141 117 93
141 121 163
141 159 117
141 163 187
141 187 159
142 94 122
142 118 94
142 122 164
142 160 118
142 164 188
142 188 160
143 95 119
143 119 161
143 123 95
143 161 189
143 165 123
143 189 165
144 134 180
145 133 179
146 154 194
147 108 146
148 109 149
149 157 197
151 117 159
152 118 160
154 120 162
157 123 165
166 206 210
167 125 129
168 126 130
169 209 213
170 124 132
170 132 178
170 166 124
170 178 222
170 206 166
170 222 206
171 125 167
171 133 125
171 167 207
171 179 133
171 207 223
171 223 179
172 126 168
172 134 126
172 168 208
172 180 134
172 208 224
172 224 180
173 127 135
173 135 181
173 169 127
173 181 225
173 209 169
173 225 209
174 128 166
174 136 128
174 166 210
174 182 136
174 210 226
174 226 182
175 129 137
175 137 183
175 167 129
175 183 227
175 211 167
175 227 211
176 130 138
176 138 184
176 168 130
176 184 228
176 212 168
176 228 212
177 131 169
177 139 131
177 169 213
177 185 139
177 213 229
177 229 185
178 132 144
179 223 231
180 224 232
181 135 145
182 150 136
183 239 227
184 240 228
185 153 139
186 158 214
187 163 219
188 164 220
189 161 217
190 146 194
190 147 146
190 194 234
190 195 147
190 234 235
190 235 195
191 144 180
191 178 144
191 180 232
191 230 178
191 232 230
192 145 179
192 179 231
192 181 145
192 231 233
192 233 181
193 148 149
193 149 197
193 196 148
193 197 237
193 236 196
193 237 236
194 242 234
195 155 147
196 156 148
197 245 237
198 150 182
198 158 150
198 182 238
198 214 158
198 238 250
198 250 214
199 151 159
199 159 215
199 183 151
199 215 251
199 239 183
199 251 239
200 152 160
200 160 216
200 184 152
200 216 252
200 240 184
200 252 240
201 153 185
201 161 153
201 185 241
201 217 161
201 241 253
201 253 217
202 154 162
202 162 218
202 194 154
202 218 254
202 242 194
202 254 242
203 155 195
203 163 155
203 195 243
203 219 163
203 243 255
203 255 219
204 156 196
204 164 156
204 196 244
204 220 164
204 244 256
204 256 220
205 157 165
205 165 221
205 197 157
205 221 257
205 245 197
205 257 245
207 263 223
208 264 224
210 266 226
211 207 167
212 208 168
213 269 229
214 250 272
215 159 187
216 160 188
217 253 275
218 162 186
219 255 277
220 256 278
221 165 189
226 238 182
227 267 211
228 268 212
229 241 185
230 222 178
231 271 233
232 270 230
233 225 181
234 288 235
235 243 195
236 244 196
237 289 236
238 294 250
241 297 253
243 299 255
244 300 256
246 186 214
246 214 272
246 218 186
246 272 302
246 276 218
246 302 276
247 187 219
247 215 187
247 219 277
247 273 215
247 277 303
247 303 273
248 188 220
248 216 188
248 220 278
248 274 216
248 278 304
248 304 274
249 189 217
249 217 275
249 221 189
249 275 305
249 279 221
249 305 279
258 206 262
258 210 206
258 262 314
258 266 210
258 314 318
258 318 266
259 207 211
259 211 267
259 263 207
259 267 319
259 315 263
259 319 315
260 208 212
260 212 268
260 264 208
260 268 320
260 316 264
260 320 316
261 209 265
261 213 209
261 265 317
261 269 213
261 317 321
261 321 269
262 206 222
265 209 225
272 346 302
273 251 215
274 252 216
275 349 305
276 254 218
277 351 303
278 352 304
279 257 221
280 222 230
280 230 270
280 262 222
280 270 322
280 322 330
280 330 262
281 223 263
281 231 223
281 263 331
281 271 231
281 323 271
281 331 323
282 224 264
282 232 224
282 264 332
282 270 232
282 324 270
282 332 324
283 225 233
283 233 271
283 265 225
283 271 325
283 325 333
283 333 265
284 226 266
284 238 226
284 266 326
284 294 238
284 326 342
284 342 294
285 227 239
285 239 295
285 267 227
285 295 343
285 327 267
285 343 327
286 228 240
286 240 296
286 268 228
286 296 344
286 328 268
286 344 328
287 229 269
287 241 229
287 269 329
287 297 241
287 329 345
287 345 297
288 334 335
289 337 336
290 234 242
290 242 298
290 288 234
290 298 338
290 334 288
290 338 334
291 235 288
291 243 235
291 288 335
291 299 243
291 335 339
291 339 299
292 236 289
292 244 236
292 289 336
292 300 244
292 336 340
292 340 300
293 237 245
293 245 301
293 289 237
293 301 341
293 337 289
293 341 337
295 239 251
296 240 252
298 242 254
301 245 257
302 350 276
303 347 273
304 348 274
305 353 279
306 254 276
306 276 350
306 298 254
306 350 372
306 354 298
306 372 354
307 255 299
307 277 255
307 299 355
307 351 277
307 355 373
307 373 351
308 256 300
308 278 256
308 300 356
308 352 278
308 356 374
308 374 352
309 257 279
309 279 353
309 301 257
309 353 375
309 357 301
309 375 357
310 250 294
310 272 250
310 294 358
310 346 272
310 358 376
310 376 346
311 251 273
311 273 347
311 295 251
311 347 377
311 359 295
311 377 359
312 252 274
312 274 348
312 296 252
312 348 378
312 360 296
312 378 360
313 253 297
313 275 253
313 297 361
313 349 275
313 361 379
313 379 349
314 262 330
315 319 381
316 320 382
317 265 333
323 325 271
324 322 270
326 266 318
327 319 267
328 320 268
329 269 321
330 322 364
331 263 315
332 264 316
333 325 367
338 298 354
339 335 395
340 336 396
341 301 357
342 326 398
343 295 359
344 296 360
345 329 401
354 372 418
355 299 339
356 300 340
357 375 421
358 294 342
359 377 423
360 378 424
361 297 345
362 322 324
362 324 366
362 364 322
362 366 428
362 426 364
362 428 426
363 323 365
363 325 323
363 365 427
363 367 325
363 427 429
363 429 367
364 426 430
365 323 331
366 324 332
367 429 433
368 302 346
368 346 410
368 350 302
368 410 454
368 414 350
368 454 414
369 303 351
369 347 303
369 351 415
369 411 347
369 415 455
369 455 411
370 304 352
370 348 304
370 352 416
370 412 348
370 416 456
370 456 412
371 305 349
371 349 413
371 353 305
371 413 457
371 417 353
371 457 417
373 415 351
374 416 352
376 410 346
379 413 349
380 318 314
381 439 447
382 440 448
383 321 317
384 334 394
384 335 334
384 394 434
384 395 335
384 434 435
384 435 395
385 336 337
385 337 397
385 396 336
385 397 437
385 436 396
385 437 436
386 318 380
386 326 318
386 380 438
386 398 326
386 438 450
386 450 398
387 319 327
387 327 399
387 381 319
387 399 451
387 439 381
387 451 439
388 320 328
388 328 400
388 382 320
388 400 452
388 440 382
388 452 440
389 321 383
389 329 321
389 383 441
389 401 329
389 441 453
389 453 401
390 314 330
390 330 364
390 364 430
390 380 314
390 430 446
390 446 380
391 315 381
391 331 315
391 365 331
391 381 447
391 431 365
391 447 431
392 316 382
392 332 316
392 366 332
392 382 448
392 432 366
392 448 432
393 317 333
393 333 367
393 367 433
393 383 317
393 433 449
393 449 383
394 334 338
395 435 443
396 436 444
397 337 341
398 450 462
399 327 343
400 328 344
401 453 465
402 338 354
402 354 418
402 394 338
402 418 470
402 442 394
402 470 442
403 339 395
403 355 339
403 395 443
403 419 355
403 443 471
403 471 419
404 340 396
404 356 340
404 396 444
404 420 356
404 444 472
404 472 420
405 341 357
405 357 421
405 397 341
405 421 473
405 445 397
405 473 445
406 342 398
406 358 342
406 398 462
406 422 358
406 462 474
406 474 422
407 343 359
407 359 423
407 399 343
407 423 475
407 463 399
407 475 463
408 344 360
408 360 424
408 400 344
408 424 476
408 464 400
408 476 464
409 345 401
409 361 345
409 401 465
409 425 361
409 465 477
409 477 425
411 377 347
412 378 348
414 372 350
417 375 353
418 502 470
419 373 355
420 374 356
421 505 473
422 376 358
423 507 475
424 508 476
425 379 361
430 498 446
431 427 365
432 428 366
433 501 449
435 434 492
436 437 493
439 451 515
440 452 516
442 434 394
443 523 471
444 524 472
445 437 397
446 438 380
447 499 431
448 500 432
449 441 383
450 438 514
453 441 517
454 410 484
455 415 489
456 416 490
457 413 487
458 372 414
458 414 488
458 418 372
458 488 534
458 502 418
458 534 502
459 373 419
459 415 373
459 419 503
459 489 415
459 503 535
459 535 489
460 374 420
460 416 374
460 420 504
460 490 416
460 504 536
460 536 490
461 375 417
461 417 491
461 421 375
461 491 537
461 505 421
461 537 505
462 530 474
463 451 399
464 452 400
465 533 477
466 376 422
466 410 376
466 422 506
466 484 410
466 506 538
466 538 484
467 377 411
467 411 485
467 423 377
467 485 539
467 507 423
467 539 507
468 378 412
468 412 486
468 424 378
468 486 540
468 508 424
468 540 508
469 379 425
469 413 379
469 425 509
469 487 413
469 509 541
469 541 487
470 522 442
471 503 419
472 504 420
473 525 445
474 506 422
475 531 463
476 532 464
477 509 425
478 426 428
479 429 427
480 426 478
480 430 426
480 478 542
480 498 430
480 542 554
480 554 498
481 427 431
481 431 499
481 479 427
481 499 555
481 543 479
481 555 543
482 428 432
482 432 500
482 478 428
482 500 556
482 544 478
482 556 544
483 429 479
483 433 429
483 479 545
483 501 433
483 545 557
483 557 501
484 538 578
485 411 455
486 412 456
487 541 581
488 414 454
489 535 571
490 536 572
491 417 457
494 434 442
494 442 522
494 492 434
494 522 582
494 546 492
494 582 546
495 435 492
495 443 435
495 492 547
495 523 443
495 547 583
495 583 523
496 436 493
496 444 436
496 493 548
496 524 444
496 548 584
496 584 524
497 437 445
497 445 525
497 493 437
497 525 585
497 549 493
497 585 549
498 554 558
501 557 561
506 590 538
507 539 591
508 540 592
510 438 446
510 446 498
510 498 558
510 514 438
510 558 566
510 566 514
511 439 515
511 447 439
511 499 447
511 515 567
511 559 499
511 567 559
512 440 516
512 448 440
512 500 448
512 516 568
512 560 500
512 568 560
513 441 449
513 449 501
513 501 561
513 517 441
513 561 569
513 569 517
518 450 514
518 462 450
518 514 574
518 530 462
518 574 594
518 594 530
519 451 463
519 463 531
519 515 451
519 531 595
519 575 515
519 595 575
520 452 464
520 464 532
520 516 452
520 532 596
520 576 516
520 596 576
521 453 517
521 465 453
521 517 577
521 533 465
521 577 597
521 597 533
522 598 582
525 601 585
526 454 484
526 484 578
526 488 454
526 570 488
526 578 610
526 610 570
527 455 489
527 485 455
527 489 571
527 571 611
527 579 485
527 611 579
528 456 490
528 486 456
528 490 572
528 572 612
528 580 486
528 612 580
529 457 487
529 487 581
529 491 457
529 573 491
529 581 613
529 613 573
531 619 595
532 620 596
534 586 502
535 503 587
536 504 588
537 589 505
542 478 544
543 555 607
544 556 608
545 479 543
546 582 634
547 492 546
548 493 549
549 585 637
550 470 502
550 502 586
550 522 470
550 586 638
550 598 522
550 638 598
551 471 523
551 503 471
551 523 599
551 587 503
551 599 639
551 639 587
552 472 524
552 504 472
552 524 600
552 588 504
552 600 640
552 640 588
553 473 505
553 505 589
553 525 473
553 589 641
553 601 525
553 641 601
555 499 559
556 500 560
562 474 530
562 506 474
562 530 618
562 590 506
562 618 646
562 646 590
563 475 507
563 507 591
563 531 475
563 591 647
563 619 531
563 647 619
564 476 508
564 508 592
564 532 476
564 592 648
564 620 532
564 648 620
565 477 533
565 509 477
565 533 621
565 593 509
565 621 649
565 649 593
566 558 630
567 515 575
568 516 576
569 561 633
570 534 488
571 651 611
572 652 612
573 537 491
574 514 566
575 595 655
576 596 656
577 517 569
578 658 610
579 539 485
580 540 486
581 661 613
593 541 509
599 523 583
600 524 584
602 546 634
602 547 546
602 634 678
602 635 547
602 678 635
603 542 544
603 544 608
603 606 542
603 608 682
603 680 606
603 682 680
604 543 607
604 545 543
604 607 681
604 609 545
604 681 683
604 683 609
605 548 549
605 549 637
605 636 548
605 637 679
605 679 636
606 554 542
607 685 681
608 686 682
609 557 545
610 650 570
611 659 579
612 660 580
613 653 573
614 554 606
614 558 554
614 606 684
614 630 558
614 684 692
614 692 630
615 555 559
615 559 631
615 607 555
615 631 693
615 685 607
615 693 685
616 556 560
616 560 632
616 608 556
616 632 694
616 686 608
616 694 686
617 557 609
617 561 557
617 609 687
617 633 561
617 687 695
617 695 633
618 530 594
621 533 597
622 534 570
622 570 650
622 586 534
622 650 704
622 666 586
622 704 666
623 535 587
623 571 535
623 587 667
623 651 571
623 667 705
623 705 651
624 536 588
624 572 536
624 588 668
624 652 572
624 668 706
624 706 652
625 537 573
625 573 653
625 589 537
625 653 707
625 669 589
625 707 669
626 538 590
626 578 538
626 590 670
626 658 578
626 670 716
626 716 658
627 539 579
627 579 659
627 591 539
627 659 717
627 671 591
627 717 671
628 540 580
628 580 660
628 592 540
628 660 718
628 672 592
628 718 672
629 541 593
629 581 541
629 593 673
629 661 581
629 673 719
629 719 661
630 692 712
631 559 567
632 560 568
633 695 715
634 708 678
635 583 547
636 584 548
637 711 679
638 586 666
639 599 689
640 600 690
641 589 669
642 566 630
642 574 566
642 630 712
642 654 574
642 712 720
642 720 654
643 567 575
643 575 655
643 631 567
643 655 721
643 713 631
643 721 713
644 568 576
644 576 656
644 632 568
644 656 722
644 714 632
644 722 714
645 569 633
645 577 569
645 633 715
645 657 577
645 715 723
645 723 657
646 618 700
647 591 671
648 592 672
649 621 703
651 705 741
652 706 742
654 594 574
655 729 721
656 730 722
657 597 577
658 716 744
661 719 747
662 582 598
662 598 688
662 634 582
662 688 736
662 708 634
662 736 708
663 583 635
663 599 583
663 635 709
663 689 599
663 709 737
663 737 689
664 584 636
664 600 584
664 636 710
664 690 600
664 710 738
664 738 690
665 585 601
665 601 691
665 637 585
665 691 739
665 711 637
665 739 711
666 704 752
667 587 639
668 588 640
669 707 755
670 590 646
671 717 761
672 718 762
673 593 649
674 594 654
674 618 594
674 654 728
674 700 618
674 728 748
674 748 700
675 595 619
675 619 701
675 655 595
675 701 749
675 729 655
675 749 729
676 596 620
676 620 702
676 656 596
676 702 750
676 730 656
676 750 730
677 597 657
677 621 597
677 657 731
677 703 621
677 731 751
677 751 703
678 709 635
679 710 636
680 684 606
681 759 683
682 758 680
683 687 609
684 772 692
687 775 695
688 598 638
689 737 769
690 738 770
691 601 641
696 610 658
696 650 610
696 658 744
696 740 650
696 744 792
696 792 740
697 611 651
697 651 741
697 659 611
697 741 793
697 745 659
697 793 745
698 612 652
698 652 742
698 660 612
698 742 794
698 746 660
698 794 746
699 613 661
699 653 613
699 661 747
699 743 653
699 747 795
699 795 743
700 748 776
701 619 647
702 620 648
703 751 779
704 650 740
707 653 743
712 784 720
713 693 631
714 694 632
715 787 723
717 659 745
718 660 746
720 728 654
721 785 713
722 786 714
723 731 657
724 638 666
724 666 752
724 688 638
724 752 808
724 768 688
724 808 768
725 639 689
725 667 639
725 689 769
725 753 667
725 769 809
725 809 753
726 640 690
726 668 640
726 690 770
726 754 668
726 770 810
726 810 754
727 641 669
727 669 755
727 691 641
727 755 811
727 771 691
727 811 771
732 646 700
732 670 646
732 700 776
732 760 670
732 776 816
732 816 760
733 647 671
733 671 761
733 701 647
733 761 817
733 777 701
733 817 777
734 648 672
734 672 762
734 702 648
734 762 818
734 778 702
734 818 778
735 649 703
735 673 649
735 703 779
735 763 673
735 779 819
735 819 763
736 796 708
739 799 711
749 813 729
750 814 730
752 836 808
753 705 667
754 706 668
755 839 811
756 678 708
756 708 796
756 709 678
756 796 840
756 797 709
756 840 797
757 679 711
757 710 679
757 711 799
757 798 710
757 799 841
757 841 798
760 716 670
761 843 817
762 844 818
763 719 673
764 680 758
764 684 680
764 758 846
764 772 684
764 846 850
764 850 772
765 681 685
765 685 773
765 759 681
765 773 851
765 847 759
765 851 847
766 682 686
766 686 774
766 758 682
766 774 852
766 848 758
766 852 848
767 683 759
767 687 683
767 759 849
767 775 687
767 849 853
767 853 775
768 736 688
769 855 809
770 856 810
771 739 691
773 685 693
774 686 694
776 874 816
777 749 701
778 750 702
779 877 819
780 692 772
780 712 692
780 772 862
780 784 712
780 858 784
780 862 858
781 693 713
781 713 785
781 773 693
781 785 859
781 859 863
781 863 773
782 694 714
782 714 786
782 774 694
782 786 860
782 860 864
782 864 774
783 695 775
783 715 695
783 775 865
783 787 715
783 861 787
783 865 861
788 720 784
788 728 720
788 784 866
788 812 728
788 866 870
788 870 812
789 721 729
789 729 813
789 785 721
789 813 871
789 867 785
789 871 867
790 722 730
790 730 814
790 786 722
790 814 872
790 868 786
790 872 868
791 723 787
791 731 723
791 787 869
791 815 731
791 869 873
791 873 815
792 744 832
793 741 829
794 742 830
795 747 835
797 737 709
798 738 710
800 704 740
800 740 828
800 752 704
800 828 886
800 836 752
800 886 836
801 705 753
801 741 705
801 753 837
801 829 741
801 837 887
801 887 829
802 706 754
802 742 706
802 754 838
802 830 742
802 838 888
802 888 830
803 707 743
803 743 831
803 755 707
803 831 889
803 839 755
803 889 839
804 716 760
804 744 716
804 760 842
804 832 744
804 842 890
804 890 832
805 717 745
805 745 833
805 761 717
805 833 891
805 843 761
805 891 843
806 718 746
806 746 834
806 762 718
806 834 892
806 844 762
806 892 844
807 719 763
807 747 719
807 763 845
807 835 747
807 845 893
807 893 835
808 854 768
809 837 753
810 838 754
811 857 771
812 748 728
815 751 731
816 842 760
817 875 777
818 876 778
819 845 763
820 736 768
820 768 854
820 796 736
820 854 906
820 878 796
820 906 878
821 737 797
821 769 737
821 797 879
821 855 769
821 879 907
821 907 855
822 738 798
822 770 738
822 798 880
822 856 770
822 880 908
822 908 856
823 739 771
823 771 857
823 799 739
823 857 909
823 881 799
823 909 881
824 748 812
824 776 748
824 812 894
824 874 776
824 894 910
824 910 874
825 749 777
825 777 875
825 813 749
825 875 911
825 895 813
825 911 895
826 750 778
826 778 876
826 814 750
826 876 912
826 896 814
826 912 896
827 751 815
827 779 751
827 815 897
827 877 779
827 897 913
827 913 877
828 740 792
829 887 915
830 888 916
831 743 795
832 890 918
833 745 793
834 746 794
835 893 921
837 925 887
838 926 888
840 796 878
841 799 881
842 928 890
845 931 893
846 758 848
847 849 759
850 846 934
851 773 863
852 774 864
853 849 937
858 866 784
861 869 787
862 772 850
863 859 939
864 860 940
865 775 853
867 859 785
868 860 786
870 866 950
871 813 895
872 814 896
873 869 953
874 910 962
875 963 911
876 964 912
877 913 965
878 906 966
879 797 840
880 798 841
881 909 969
882 792 832
882 828 792
882 832 918
882 914 828
882 918 982
882 982 914
883 793 829
883 829 915
883 833 793
883 915 983
883 919 833
883 983 919
884 794 830
884 830 916
884 834 794
884 916 984
884 920 834
884 984 920
885 795 835
885 831 795
885 835 921
885 917 831
885 921 985
885 985 917
894 812 870
895 911 975
896 912 976
897 815 873
898 808 836
898 836 924
898 854 808
898 924 986
898 954 854
898 986 954
899 809 855
899 837 809
899 855 955
899 925 837
899 955 987
899 987 925
900 810 856
900 838 810
900 856 956
900 926 838
900 956 988
900 988 926
901 811 839
901 839 927
901 857 811
901 927 989
901 957 857
901 989 957
902 816 874
902 842 816
902 874 962
902 928 842
902 962 990
902 990 928
903 817 843
903 843 929
903 875 817
903 929 991
903 963 875
903 991 963
904 818 844
904 844 930
904 876 818
904 930 992
904 964 876
904 992 964
905 819 877
905 845 819
905 877 965
905 931 845
905 965 993
905 993 931
914 886 828
915 1033 983
916 1034 984
917 889 831
918 1036 982
919 891 833
920 892 834
921 1039 985
922 840 878
922 878 966
922 879 840
922 966 1002
922 967 879
922 1002 967
923 841 881
923 880 841
923 881 969
923 968 880
923 969 1003
923 1003 968
924 836 886
927 839 889
929 843 891
930 844 892
932 846 848
932 848 936
932 934 846
932 936 1010
932 1008 934
932 1010 1008
933 847 935
933 849 847
933 935 1009
933 937 849
933 1009 1011
933 1011 937
934 1008 1020
935 847 851
936 848 852
937 1011 1023
938 858 862
939 1017 1029
940 1018 1030
941 861 865
942 858 938
942 866 858
942 938 1016
942 950 866
942 1016 1024
942 1024 950
943 859 867
943 867 951
943 939 859
943 951 1025
943 1017 939
943 1025 1017
944 860 868
944 868 952
944 940 860
944 952 1026
944 1018 940
944 1026 1018
945 861 941
945 869 861
945 941 1019
945 953 869
945 1019 1027
945 1027 953
946 850 934
946 862 850
946 934 1020
946 938 862
946 1020 1028
946 1028 938
947 851 863
947 863 939
947 935 851
947 939 1029
947 1021 935
947 1029 1021
948 852 864
948 864 940
948 936 852
948 940 1030
948 1022 936
948 1030 1022
949 853 937
949 865 853
949 937 1023
949 941 865
949 1023 1031
949 1031 941
950 1024 1040
951 867 871
952 868 872
953 1027 1043
954 906 854
955 855 907
956 856 908
957 909 857
958 870 950
958 894 870
958 950 1040
958 974 894
958 1040 1044
958 1044 974
959 871 895
959 895 975
959 951 871
959 975 1045
959 1041 951
959 1045 1041
960 872 896
960 896 976
960 952 872
960 976 1046
960 1042 952
960 1046 1042
961 873 953
961 897 873
961 953 1043
961 977 897
961 1043 1047
961 1047 977
966 1056 1002
967 907 879
968 908 880
969 1059 1003
970 886 914
970 914 1032
970 924 886
970 1004 924
970 1032 1068
970 1068 1004
971 887 925
971 915 887
971 925 1005
971 1005 1069
971 1033 915
971 1069 1033
972 888 926
972 916 888
972 926 1006
972 1006 1070
972 1034 916
972 1070 1034
973 889 917
973 917 1035
973 927 889
973 1007 927
973 1035 1071
973 1071 1007
974 910 894
975 1061 1045
976 1062 1046
977 913 897
978 890 928
978 918 890
978 928 1012
978 1012 1076
978 1036 918
978 1076 1036
979 891 919
979 919 1037
979 929 891
979 1013 929
979 1037 1077
979 1077 1013
980 892 920
980 920 1038
980 930 892
980 1014 930
980 1038 1078
980 1078 1014
981 893 931
981 921 893
981 931 1015
981 1015 1079
981 1039 921
981 1079 1039
982 1032 914
983 1037 919
984 1038 920
985 1035 917
986 924 1004
987 955 1049
988 956 1050
989 927 1007
990 962 1052
991 929 1013
992 930 1014
993 965 1055
994 906 954
994 954 1048
994 966 906
994 1048 1084
994 1056 966
994 1084 1056
995 907 967
995 955 907
995 967 1057
995 1049 955
995 1057 1085
995 1085 1049
996 908 968
996 956 908
996 968 1058
996 1050 956
996 1058 1086
996 1086 1050
997 909 957
997 957 1051
997 969 909
997 1051 1087
997 1059 969
997 1087 1059
998 910 974
998 962 910
998 974 1060
998 1052 962
998 1060 1088
998 1088 1052
999 911 963
999 963 1053
999 975 911
999 1053 1089
999 1061 975
999 1089 1061
1000 912 964
1000 964 1054
1000 976 912
1000 1054 1090
1000 1062 976
1000 1090 1062
1001 913 977
1001 965 913
1001 977 1063
1001 1055 965
1001 1063 1091
1001 1091 1055
1002 1057 967
1003 1058 968
1004 1068 1124
1005 925 987
1006 926 988
1007 1071 1127
1008 1010 1094
1011 1009 1095
1012 928 990
1013 1077 1133
1014 1078 1134
1015 931 993
1016 1108 1024
1017 1025 1109
1018 1026 1110
1019 1111 1027
1020 1096 1028
1021 1009 935
1022 1010 936
1023 1099 1031
1028 1016 938
1029 1097 1021
1030 1098 1022
1031 1019 941
1040 1112 1044
1041 1025 951
1042 1026 952
1043 1115 1047
1044 1060 974
1045 1113 1041
1046 1114 1042
1047 1063 977
1048 954 986
1049 1085 1129
1050 1086 1130
1051 957 989
1052 1088 1136
1053 963 991
1054 964 992
1055 1091 1139
1056 1084 1148
1059 1087 1151
1061 1089 1153
1062 1090 1154
1064 986 1004
1064 1004 1124
1064 1048 986
1064 1124 1164
1064 1128 1048
1064 1164 1128
1065 987 1049
1065 1005 987
1065 1049 1129
1065 1125 1005
1065 1129 1165
1065 1165 1125
1066 988 1050
1066 1006 988
1066 1050 1130
1066 1126 1006
1066 1130 1166
1066 1166 1126
1067 989 1007
1067 1007 1127
1067 1051 989
1067 1127 1167
1067 1131 1051
1067 1167 1131
1069 1141 1033
1070 1142 1034
1072 990 1052
1072 1012 990
1072 1052 1136
1072 1132 1012
1072 1136 1176
1072 1176 1132
1073 991 1013
1073 1013 1133
1073 1053 991
1073 1133 1177
1073 1137 1053
1073 1177 1137
1074 992 1014
1074 1014 1134
1074 1054 992
1074 1134 1178
1074 1138 1054
1074 1178 1138
1075 993 1055
1075 1015 993
1075 1055 1139
1075 1135 1015
1075 1139 1179
1075 1179 1135
1076 1144 1036
1079 1147 1039
1080 982 1036
1080 1032 982
1080 1036 1144
1080 1140 1032
1080 1144 1180
1080 1180 1140
1081 983 1033
1081 1033 1141
1081 1037 983
1081 1141 1181
1081 1145 1037
1081 1181 1145
1082 984 1034
1082 1034 1142
1082 1038 984
1082 1142 1182
1082 1146 1038
1082 1182 1146
1083 985 1039
1083 1035 985
1083 1039 1147
1083 1143 1035
1083 1147 1183
1083 1183 1143
1085 1057 1149
1086 1058 1150
1088 1060 1152
1091 1063 1155
1092 1002 1056
1092 1056 1148
1092 1057 1002
1092 1148 1184
1092 1149 1057
1092 1184 1149
1093 1003 1059
1093 1058 1003
1093 1059 1151
1093 1150 1058
1093 1151 1185
1093 1185 1150
1097 1195 1191
1098 1196 1192
1100 1008 1094
1100 1020 1008
1100 1094 1186
1100 1096 1020
1100 1186 1190
1100 1190 1096
1101 1009 1021
1101 1021 1097
1101 1095 1009
1101 1097 1191
1101 1187 1095
1101 1191 1187
1102 1010 1022
1102 1022 1098
1102 1094 1010
1102 1098 1192
1102 1188 1094
1102 1192 1188
1103 1011 1095
1103 1023 1011
1103 1095 1189
1103 1099 1023
1103 1189 1193
1103 1193 1099
1104 1016 1028
1104 1028 1096
1104 1096 1194
1104 1108 1016
1104 1194 1198
1104 1198 1108
1105 1017 1109
1105 1029 1017
1105 1097 1029
1105 1109 1199
1105 1195 1097
1105 1199 1195
1106 1018 1110
1106 1030 1018
1106 1098 1030
1106 1110 1200
1106 1196 1098
1106 1200 1196
1107 1019 1031
1107 1031 1099
1107 1099 1197
1107 1111 1019
1107 1197 1201
1107 1201 1111
1112 1206 1210
1115 1209 1213
1116 1024 1108
1116 1040 1024
1116 1108 1202
1116 1112 1040
1116 1202 1206
1116 1206 1112
1117 1025 1041
1117 1041 1113
1117 1109 1025
1117 1113 1207
1117 1203 1109
1117 1207 1203
1118 1026 1042
1118 1042 1114
1118 1110 1026
1118 1114 1208
1118 1204 1110
1118 1208 1204
1119 1027 1111
1119 1043 1027
1119 1111 1205
1119 1115 1043
1119 1205 1209
1119 1209 1115
1120 1044 1112
1120 1060 1044
1120 1112 1210
1120 1152 1060
1120 1210 1214
1120 1214 1152
1121 1045 1061
1121 1061 1153
1121 1113 1045
1121 1153 1215
1121 1211 1113
1121 1215 1211
1122 1046 1062
1122 1062 1154
1122 1114 1046
1122 1154 1216
1122 1212 1114
1122 1216 1212
1123 1047 1115
1123 1063 1047
1123 1115 1213
1123 1155 1063
1123 1213 1217
1123 1217 1155
1124 1218 1164
1125 1069 1005
1126 1070 1006
1127 1221 1167
1128 1084 1048
1129 1227 1165
1130 1228 1166
1131 1087 1051
1132 1076 1012
1133 1235 1177
1134 1236 1178
1135 1079 1015
1136 1242 1176
1137 1089 1053
1138 1090 1054
1139 1245 1179
1140 1068 1032
1143 1071 1035
1145 1077 1037
1146 1078 1038
1156 1068 1140
1156 1124 1068
1156 1140 1222
1156 1218 1124
1156 1222 1255
1156 1255 1218
1157 1069 1125
1157 1125 1219
1157 1141 1069
1157 1219 1256
1157 1223 1141
1157 1256 1223
1158 1070 1126
1158 1126 1220
1158 1142 1070
1158 1220 1307
1158 1224 1142
1158 1307 1224
1159 1071 1143
1159 1127 1071
1159 1143 1225
1159 1221 1127
1159 1225 1308
1159 1308 1221
1160 1084 1128
1160 1128 1226
1160 1148 1084
1160 1226 1251
1160 1230 1148
1160 1251 1230
1161 1085 1149
1161 1129 1085
1161 1149 1231
1161 1227 1129
1161 1231 1252
1161 1252 1227
1162 1086 1150
1162 1130 1086
1162 1150 1232
1162 1228 1130
1162 1232 1311
1162 1311 1228
1163 1087 1131
1163 1131 1229
1163 1151 1087
1163 1229 1312
1163 1233 1151
1163 1312 1233
1164 1226 1128
1165 1219 1125
1166 1220 1126
1167 1229 1131
1168 1076 1132
1168 1132 1234
1168 1144 1076
1168 1234 1259
1168 1238 1144
1168 1259 1238
1169 1077 1145
1169 1133 1077
1169 1145 1239
1169 1235 1133
1169 1239 1260
1169 1260 1235
1170 1078 1146
1170 1134 1078
1170 1146 1240
1170 1236 1134
1170 1240 1303
1170 1303 1236
1171 1079 1135
1171 1135 1237
1171 1147 1079
1171 1237 1304
1171 1241 1147
1171 1304 1241
1172 1088 1152
1172 1136 1088
1172 1152 1246
1172 1242 1136
1172 1246 1263
1172 1263 1242
1173 1089 1137
1173 1137 1243
1173 1153 1089
1173 1243 1264
1173 1247 1153
1173 1264 1247
1174 1090 1138
1174 1138 1244
1174 1154 1090
1174 1244 1299
1174 1248 1154
1174 1299 1248
1175 1091 1155
1175 1139 1091
1175 1155 1249
1175 1245 1139
1175 1249 1300
1175 1300 1245
1176 1234 1132
1177 1243 1137
1178 1244 1138
1179 1237 1135
1180 1144 1238
1181 1141 1223
1182 1142 1224
1183 1147 1241
1184 1148 1230
1185 1151 1233
1186 1094 1188
1187 1191 1280
1188 1192 1283
1189 1095 1187
1194 1096 1190
1197 1099 1193
1198 1194 1275
1199 1109 1203
1200 1110 1204
1201 1197 1288
1202 1108 1198
1203 1207 1272
1204 1208 1291
1205 1111 1201
1207 1113 1211
1208 1114 1212
1214 1210 1267
1215 1153 1247
1216 1154 1248
1217 1213 1296
1219 1343 1256
1222 1140 1180
1223 1256 1339
1224 1307 1340
1225 1143 1183
1226 1334 1251
1229 1337 1312
1230 1251 1330
1231 1149 1184
1232 1150 1185
1233 1312 1333
1238 1259 1322
1239 1145 1181
1240 1146 1182
1241 1304 1325
1243 1319 1264
1244 1320 1299
1246 1152 1214
1247 1264 1315
1248 1299 1316
1249 1155 1217
1250 1184 1230
1250 1230 1330
1250 1231 1184
1250 1330 1378
1250 1331 1231
1250 1378 1331
1253 1164 1218
1253 1218 1342
1253 1226 1164
1253 1334 1226
1253 1342 1396
1253 1396 1334
1254 1165 1227
1254 1219 1165
1254 1227 1335
1254 1335 1397
1254 1343 1219
1254 1397 1343
1255 1342 1218
1257 1180 1238
1257 1222 1180
1257 1238 1322
1257 1322 1380
1257 1338 1222
1257 1380 1338
1258 1181 1223
1258 1223 1339
1258 1239 1181
1258 1323 1239
1258 1339 1381
1258 1381 1323
1259 1234 1326
1260 1327 1235
1261 1176 1242
1261 1234 1176
1261 1242 1318
1261 1318 1384
1261 1326 1234
1261 1384 1326
1262 1177 1235
1262 1235 1327
1262 1243 1177
1262 1319 1243
1262 1327 1385
1262 1385 1319
1265 1214 1267
1265 1246 1214
1265 1267 1346
1265 1314 1246
1265 1346 1314
1266 1215 1247
1266 1247 1315
1266 1268 1215
1266 1315 1347
1266 1347 1268
1267 1350 1346
1268 1211 1215
1269 1206 1271
1269 1210 1206
1269 1267 1210
1269 1271 1354
1269 1350 1267
1269 1354 1350
1270 1207 1211
1270 1211 1268
1270 1268 1351
1270 1272 1207
1270 1351 1355
1270 1355 1272
1271 1206 1202
1272 1355 1359
1273 1198 1275
1273 1202 1198
1273 1271 1202
1273 1275 1362
1273 1358 1271
1273 1362 1358
1274 1199 1203
1274 1203 1272
1274 1272 1359
1274 1276 1199
1274 1359 1363
1274 1363 1276
1275 1366 1362
1276 1195 1199
1277 1190 1279
1277 1194 1190
1277 1275 1194
1277 1279 1370
1277 1366 1275
1277 1370 1366
1278 1191 1195
1278 1195 1276
1278 1276 1367
1278 1280 1191
1278 1367 1371
1278 1371 1280
1279 1190 1186
1280 1371 1375
1281 1186 1188
1281 1188 1283
1281 1279 1186
1281 1283 1376
1281 1374 1279
1281 1376 1374
1282 1187 1280
1282 1189 1187
1282 1280 1375
1282 1284 1189
1282 1375 1377
1282 1377 1284
1283 1372 1376
1284 1193 1189
1285 1192 1196
1285 1196 1287
1285 1283 1192
1285 1287 1368
1285 1368 1372
1285 1372 1283
1286 1193 1284
1286 1197 1193
1286 1284 1373
1286 1288 1197
1286 1369 1288
1286 1373 1369
1287 1196 1200
1288 1369 1365
1289 1200 1204
1289 1204 1291
1289 1287 1200
1289 1291 1360
1289 1360 1364
1289 1364 1287
1290 1201 1288
1290 1205 1201
1290 1288 1365
1290 1292 1205
1290 1361 1292
1290 1365 1361
1291 1356 1360
1292 1209 1205
1293 1208 1212
1293 1212 1295
1293 1291 1208
1293 1295 1352
1293 1352 1356
1293 1356 1291
1294 1209 1292
1294 1213 1209
1294 1292 1357
1294 1296 1213
1294 1353 1296
1294 1357 1353
1295 1212 1216
1296 1353 1349
1297 1216 1248
1297 1248 1316
1297 1295 1216
1297 1316 1348
1297 1348 1295
1298 1217 1296
1298 1249 1217
1298 1296 1349
1298 1317 1249
1298 1349 1317
1301 1178 1236
1301 1236 1328
1301 1244 1178
1301 1320 1244
1301 1328 1386
1301 1386 1320
1302 1179 1245
1302 1237 1179
1302 1245 1321
1302 1321 1387
1302 1329 1237
1302 1387 1329
1303 1328 1236
1304 1237 1329
1305 1182 1224
1305 1224 1340
1305 1240 1182
1305 1324 1240
1305 1340 1382
1305 1382 1324
1306 1183 1241
1306 1225 1183
1306 1241 1325
1306 1325 1383
1306 1341 1225
1306 1383 1341
1307 1220 1344
1309 1166 1228
1309 1220 1166
1309 1228 1336
1309 1336 1398
1309 1344 1220
1309 1398 1344
1310 1167 1221
1310 1221 1345
1310 1229 1167
1310 1337 1229
1310 1345 1399
1310 1399 1337
1313 1185 1233
1313 1232 1185
1313 1233 1333
1313 1332 1232
1313 1333 1379
1313 1379 1332
1314 1263 1246
1315 1409 1347
1316 1410 1348
1317 1300 1249
1318 1242 1263
1321 1245 1300
1322 1416 1380
1323 1260 1239
1324 1303 1240
1325 1419 1383
1330 1412 1378
1331 1252 1231
1332 1311 1232
1333 1415 1379
1335 1227 1252
1336 1228 1311
1338 1255 1222
1339 1421 1381
1340 1422 1382
1341 1308 1225
1345 1221 1308
1346 1408 1314
1347 1351 1268
1348 1352 1295
1349 1411 1317
1354 1448 1350
1357 1451 1353
1358 1354 1271
1359 1453 1363
1360 1454 1364
1361 1357 1292
1362 1452 1358
1363 1367 1276
1364 1368 1287
1365 1455 1361
1367 1465 1371
1368 1466 1372
1374 1370 1279
1375 1469 1377
1376 1468 1374
1377 1373 1284
1378 1413 1331
1379 1414 1332
1380 1420 1338
1381 1417 1323
1382 1418 1324
1383 1423 1341
1384 1318 1424
1385 1327 1429
1386 1328 1430
1387 1321 1427
1388 1263 1314
1388 1314 1408
1388 1318 1263
1388 1408 1472
1388 1424 1318
1388 1472 1424
1389 1264 1319
1389 1315 1264
1389 1319 1425
1389 1409 1315
1389 1425 1473
1389 1473 1409
1390 1299 1320
1390 1316 1299
1390 1320 1426
1390 1410 1316
1390 1426 1474
1390 1474 1410
1391 1300 1317
1391 1317 1411
1391 1321 1300
1391 1411 1475
1391 1427 1321
1391 1475 1427
1392 1259 1326
1392 1322 1259
1392 1326 1428
1392 1416 1322
1392 1428 1484
1392 1484 1416
1393 1260 1323
1393 1323 1417
1393 1327 1260
1393 1417 1485
1393 1429 1327
1393 1485 1429
1394 1303 1324
1394 1324 1418
1394 1328 1303
1394 1418 1486
1394 1430 1328
1394 1486 1430
1395 1304 1329
1395 1325 1304
1395 1329 1431
1395 1419 1325
1395 1431 1487
1395 1487 1419
1396 1342 1436
1397 1335 1433
1398 1336 1434
1399 1345 1439
1400 1251 1334
1400 1330 1251
1400 1334 1432
1400 1412 1330
1400 1432 1476
1400 1476 1412
1401 1252 1331
1401 1331 1413
1401 1335 1252
1401 1413 1477
1401 1433 1335
1401 1477 1433
1402 1311 1332
1402 1332 1414
1402 1336 1311
1402 1414 1478
1402 1434 1336
1402 1478 1434
1403 1312 1337
1403 1333 1312
1403 1337 1435
1403 1415 1333
1403 1435 1479
1403 1479 1415
1404 1255 1338
1404 1338 1420
1404 1342 1255
1404 1420 1492
1404 1436 1342
1404 1492 1436
1405 1256 1343
1405 1339 1256
1405 1343 1437
1405 1421 1339
1405 1437 1493
1405 1493 1421
1406 1307 1344
1406 1340 1307
1406 1344 1438
1406 1422 1340
1406 1438 1494
1406 1494 1422
1407 1308 1341
1407 1341 1423
1407 1345 1308
1407 1423 1495
1407 1439 1345
1407 1495 1439
1416 1484 1524
1419 1487 1527
1421 1493 1529
1422 1494 1530
1424 1472 1508
1425 1319 1385
1426 1320 1386
1427 1475 1511
1428 1326 1384
1429 1485 1549
1430 1486 1550
1431 1329 1387
1432 1334 1396
1433 1477 1513
1434 1478 1514
1435 1337 1399
1436 1492 1556
1437 1343 1397
1438 1344 1398
1439 1495 1559
1440 1346 1350
1440 1350 1448
1440 1408 1346
1440 1448 1516
1440 1500 1408
1440 1516 1500
1441 1347 1409
1441 1351 1347
1441 1409 1501
1441 1449 1351
1441 1501 1517
1441 1517 1449
1442 1348 1410
1442 1352 1348
1442 1410 1502
1442 1450 1352
1442 1502 1518
1442 1518 1450
1443 1349 1353
1443 1353 1451
1443 1411 1349
1443 1451 1519
1443 1503 1411
1443 1519 1503
1444 1354 1358
1444 1358 1452
1444 1448 1354
1444 1452 1536
1444 1520 1448
1444 1536 1520
1445 1355 1449
1445 1359 1355
1445 1449 1521
1445 1453 1359
1445 1521 1537
1445 1537 1453
1446 1356 1450
1446 1360 1356
1446 1450 1522
1446 1454 1360
1446 1522 1538
1446 1538 1454
1447 1357 1361
1447 1361 1455
1447 1451 1357
1447 1455 1539
1447 1523 1451
1447 1539 1523
1449 1355 1351
1450 1356 1352
1456 1362 1366
1456 1366 1464
1456 1452 1362
1456 1464 1532
1456 1532 1544
1456 1544 1452
1457 1363 1453
1457 1367 1363
1457 1453 1545
1457 1465 1367
1457 1533 1465
1457 1545 1533
1458 1364 1454
1458 1368 1364
1458 1454 1546
1458 1466 1368
1458 1534 1466
1458 1546 1534
1459 1365 1369
1459 1369 1467
1459 1455 1365
1459 1467 1535
1459 1535 1547
1459 1547 1455
1460 1370 1374
1460 1374 1468
1460 1464 1370
1460 1468 1552
1460 1540 1464
1460 1552 1540
1461 1371 1465
1461 1375 1371
1461 1465 1541
1461 1469 1375
1461 1541 1553
1461 1553 1469
1462 1372 1466
1462 1376 1372
1462 1466 1542
1462 1468 1376
1462 1542 1554
1462 1554 1468
1463 1373 1377
1463 1377 1469
1463 1467 1373
1463 1469 1555
1463 1543 1467
1463 1555 1543
1464 1366 1370
1467 1369 1373
1470 1378 1412
1470 1412 1504
1470 1413 1378
1470 1504 1560
1470 1505 1413
1470 1560 1505
1471 1379 1415
1471 1414 1379
1471 1415 1507
1471 1506 1414
1471 1507 1561
1471 1561 1506
1473 1501 1409
1474 1502 1410
1476 1504 1412
1479 1507 1415
1480 1380 1416
1480 1416 1524
1480 1420 1380
1480 1524 1578
1480 1528 1420
1480 1578 1528
1481 1381 1421
1481 1417 1381
1481 1421 1529
1481 1525 1417
1481 1529 1579
1481 1579 1525
1482 1382 1422
1482 1418 1382
1482 1422 1530
1482 1526 1418
1482 1530 1580
1482 1580 1526
1483 1383 1419
1483 1419 1527
1483 1423 1383
1483 1527 1581
1483 1531 1423
1483 1581 1531
1485 1417 1525
1486 1418 1526
1488 1384 1424
1488 1424 1508
1488 1428 1384
1488 1508 1570
1488 1548 1428
1488 1570 1548
1489 1385 1429
1489 1425 1385
1489 1429 1549
1489 1509 1425
1489 1549 1571
1489 1571 1509
1490 1386 1430
1490 1426 1386
1490 1430 1550
1490 1510 1426
1490 1550 1572
1490 1572 1510
1491 1387 1427
1491 1427 1511
1491 1431 1387
1491 1511 1573
1491 1551 1431
1491 1573 1551
1492 1420 1528
1495 1423 1531
1496 1396 1436
1496 1432 1396
1496 1436 1556
1496 1512 1432
1496 1556 1574
1496 1574 1512
1497 1397 1433
1497 1433 1513
1497 1437 1397
1497 1513 1575
1497 1557 1437
1497 1575 1557
1498 1398 1434
1498 1434 1514
1498 1438 1398
1498 1514 1576
1498 1558 1438
1498 1576 1558
1499 1399 1439
1499 1435 1399
1499 1439 1559
1499 1515 1435
1499 1559 1577
1499 1577 1515
1500 1472 1408
1503 1475 1411
1505 1477 1413
1506 1478 1414
1508 1598 1570
1509 1473 1425
1510 1474 1426
1511 1601 1573
1512 1476 1432
1513 1607 1575
1514 1608 1576
1515 1479 1435
1516 1448 1520
1517 1501 1587
1518 1502 1588
1519 1451 1523
1520 1536 1610
1521 1449 1517
1522 1450 1518
1523 1539 1613
1532 1464 1540
1533 1545 1623
1534 1546 1624
1535 1467 1543
1540 1552 1626
1541 1465 1533
1542 1466 1534
1543 1555 1629
1544 1536 1452
1545 1453 1537
1546 1454 1538
1547 1539 1455
1548 1484 1428
1549 1633 1571
1550 1634 1572
1551 1487 1431
1553 1555 1469
1554 1552 1468
1556 1636 1574
1557 1493 1437
1558 1494 1438
1559 1639 1577
1560 1504 1594
1561 1507 1597
1562 1472 1500
1562 1500 1586
1562 1508 1472
1562 1586 1650
1562 1598 1508
1562 1650 1598
1563 1473 1509
1563 1501 1473
1563 1509 1599
1563 1587 1501
1563 1599 1651
1563 1651 1587
1564 1474 1510
1564 1502 1474
1564 1510 1600
1564 1588 1502
1564 1600 1652
1564 1652 1588
1565 1475 1503
1565 1503 1589
1565 1511 1475
1565 1589 1653
1565 1601 1511
1565 1653 1601
1566 1476 1512
1566 1504 1476
1566 1512 1606
1566 1594 1504
1566 1606 1654
1566 1654 1594
1567 1477 1505
1567 1505 1595
1567 1513 1477
1567 1595 1655
1567 1607 1513
1567 1655 1607
1568 1478 1506
1568 1506 1596
1568 1514 1478
1568 1596 1656
1568 1608 1514
1568 1656 1608
1569 1479 1515
1569 1507 1479
1569 1515 1609
1569 1597 1507
1569 1609 1657
1569 1657 1597
1570 1632 1548
1571 1599 1509
1572 1600 1510
1573 1635 1551
1574 1606 1512
1575 1637 1557
1576 1638 1558
1577 1609 1515
1578 1524 1642
1579 1529 1647
1580 1530 1648
1581 1527 1645
1582 1484 1548
1582 1524 1484
1582 1548 1632
1582 1632 1670
1582 1642 1524
1582 1670 1642
1583 1485 1525
1583 1525 1643
1583 1549 1485
1583 1633 1549
1583 1643 1671
1583 1671 1633
1584 1486 1526
1584 1526 1644
1584 1550 1486
1584 1634 1550
1584 1644 1672
1584 1672 1634
1585 1487 1551
1585 1527 1487
1585 1551 1635
1585 1635 1673
1585 1645 1527
1585 1673 1645
1586 1500 1516
1587 1651 1667
1588 1652 1668
1589 1503 1519
1590 1492 1528
1590 1528 1646
1590 1556 1492
1590 1636 1556
1590 1646 1674
1590 1674 1636
1591 1493 1557
1591 1529 1493
1591 1557 1637
1591 1637 1675
1591 1647 1529
1591 1675 1647
1592 1494 1558
1592 1530 1494
1592 1558 1638
1592 1638 1676
1592 1648 1530
1592 1676 1648
1593 1495 1531
1593 1531 1649
1593 1559 1495
1593 1639 1559
1593 1649 1677
1593 1677 1639
1594 1654 1682
1595 1505 1560
1596 1506 1561
1597 1657 1685
1602 1516 1520
1602 1520 1610
1602 1586 1516
1602 1610 1690
1602 1666 1586
1602 1690 1666
1603 1517 1587
1603 1521 1517
1603 1587 1667
1603 1611 1521
1603 1667 1691
1603 1691 1611
1604 1518 1588
1604 1522 1518
1604 1588 1668
1604 1612 1522
1604 1668 1692
1604 1692 1612
1605 1519 1523
1605 1523 1613
1605 1589 1519
1605 1613 1693
1605 1669 1589
1605 1693 1669
1606 1706 1654
1607 1655 1707
1608 1656 1708
1609 1709 1657
1610 1694 1690
1611 1537 1521
1612 1538 1522
1613 1697 1693
1614 1532 1540
1614 1540 1626
1614 1622 1532
1614 1626 1710
1614 1698 1622
1614 1710 1698
1615 1533 1623
1615 1541 1533
1615 1623 1699
1615 1627 1541
1615 1699 1711
1615 1711 1627
1616 1534 1624
1616 1542 1534
1616 1624 1700
1616 1628 1542
1616 1700 1712
1616 1712 1628
1617 1535 1543
1617 1543 1629
1617 1625 1535
1617 1629 1713
1617 1701 1625
1617 1713 1701
1618 1536 1544
1618 1544 1622
1618 1610 1536
1618 1622 1702
1618 1694 1610
1618 1702 1694
1619 1537 1611
1619 1545 1537
1619 1611 1695
1619 1623 1545
1619 1695 1703
1619 1703 1623
1620 1538 1612
1620 1546 1538
1620 1612 1696
1620 1624 1546
1620 1696 1704
1620 1704 1624
1621 1539 1547
1621 1547 1625
1621 1613 1539
1621 1625 1705
1621 1697 1613
1621 1705 1697
1622 1544 1532
1623 1703 1699
1624 1704 1700
1625 1547 1535
1626 1714 1710
1627 1553 1541
1628 1554 1542
1629 1717 1713
1630 1552 1554
1630 1554 1628
1630 1626 1552
1630 1628 1716
1630 1714 1626
1630 1716 1714
1631 1553 1627
1631 1555 1553
1631 1627 1715
1631 1629 1555
1631 1715 1717
1631 1717 1629
1632 1718 1670
1635 1721 1673
1637 1725 1675
1638 1726 1676
1640 1560 1594
1640 1594 1682
1640 1595 1560
1640 1682 1722
1640 1683 1595
1640 1722 1683
1641 1561 1597
1641 1596 1561
1641 1597 1685
1641 1684 1596
1641 1685 1723
1641 1723 1684
1642 1670 1728
1643 1525 1579
1644 1526 1580
1645 1673 1731
1646 1528 1578
1647 1675 1733
1648 1676 1734
1649 1531 1581
1658 1570 1598
1658 1598 1686
1658 1632 1570
1658 1686 1744
1658 1718 1632
1658 1744 1718
1659 1571 1633
1659 1599 1571
1659 1633 1719
1659 1687 1599
1659 1719 1745
1659 1745 1687
1660 1572 1634
1660 1600 1572
1660 1634 1720
1660 1688 1600
1660 1720 1746
1660 1746 1688
1661 1573 1601
1661 1601 1689
1661 1635 1573
1661 1689 1747
1661 1721 1635
1661 1747 1721
1662 1574 1636
1662 1606 1574
1662 1636 1724
1662 1706 1606
1662 1724 1752
1662 1752 1706
1663 1575 1607
1663 1607 1707
1663 1637 1575
1663 1707 1753
1663 1725 1637
1663 1753 1725
1664 1576 1608
1664 1608 1708
1664 1638 1576
1664 1708 1754
1664 1726 1638
1664 1754 1726
1665 1577 1639
1665 1609 1577
1665 1639 1727
1665 1709 1609
1665 1727 1755
1665 1755 1709
1666 1650 1586
1667 1749 1691
1668 1750 1692
1669 1653 1589
1678 1578 1642
1678 1642 1728
1678 1646 1578
1678 1728 1768
1678 1732 1646
1678 1768 1732
1679 1579 1647
1679 1643 1579
1679 1647 1733
1679 1729 1643
1679 1733 1769
1679 1769 1729
1680 1580 1648
1680 1644 1580
1680 1648 1734
1680 1730 1644
1680 1734 1770
1680 1770 1730
1681 1581 1645
1681 1645 1731
1681 1649 1581
1681 1731 1771
1681 1735 1649
1681 1771 1735
1682 1764 1722
1683 1655 1595
1684 1656 1596
1685 1767 1723
1686 1598 1650
1687 1651 1599
1688 1652 1600
1689 1601 1653
1690 1748 1666
1691 1695 1611
1692 1696 1612
1693 1751 1669
1694 1702 1776
1697 1705 1779
1698 1702 1622
1699 1789 1711
1700 1790 1712
1701 1705 1625
1703 1695 1777
1704 1696 1778
1710 1788 1698
1711 1715 1627
1712 1716 1628
1713 1791 1701
1716 1804 1714
1717 1715 1805
1719 1633 1671
1720 1634 1672
1722 1765 1683
1723 1766 1684
1724 1636 1674
1727 1639 1677
1728 1816 1768
1729 1671 1643
1730 1672 1644
1731 1819 1771
1732 1674 1646
1733 1821 1769
1734 1822 1770
1735 1677 1649
1736 1650 1666
1736 1666 1748
1736 1686 1650
1736 1748 1812
1736 1784 1686
1736 1812 1784
1737 1651 1687
1737 1667 1651
1737 1687 1785
1737 1749 1667
1737 1785 1813
1737 1813 1749
1738 1652 1688
1738 1668 1652
1738 1688 1786
1738 1750 1668
1738 1786 1814
1738 1814 1750
1739 1653 1669
1739 1669 1751
1739 1689 1653
1739 1751 1815
1739 1787 1689
1739 1815 1787
1740 1654 1706
1740 1682 1654
1740 1706 1792
1740 1764 1682
1740 1792 1824
1740 1824 1764
1741 1655 1683
1741 1683 1765
1741 1707 1655
1741 1765 1825
1741 1793 1707
1741 1825 1793
1742 1656 1684
1742 1684 1766
1742 1708 1656
1742 1766 1826
1742 1794 1708
1742 1826 1794
1743 1657 1709
1743 1685 1657
1743 1709 1795
1743 1767 1685
1743 1795 1827
1743 1827 1767
1744 1686 1784
1745 1719 1801
1746 1720 1802
1747 1689 1787
1749 1813 1833
1750 1814 1834
1752 1724 1808
1753 1707 1793
1754 1708 1794
1755 1727 1811
1756 1670 1718
1756 1718 1800
1756 1728 1670
1756 1800 1844
1756 1816 1728
1756 1844 1816
1757 1671 1729
1757 1719 1671
1757 1729 1817
1757 1801 1719
1757 1817 1845
1757 1845 1801
1758 1672 1730
1758 1720 1672
1758 1730 1818
1758 1802 1720
1758 1818 1846
1758 1846 1802
1759 1673 1721
1759 1721 1803
1759 1731 1673
1759 1803 1847
1759 1819 1731
1759 1847 1819
1760 1674 1732
1760 1724 1674
1760 1732 1820
1760 1808 1724
1760 1820 1856
1760 1856 1808
1761 1675 1725
1761 1725 1809
1761 1733 1675
1761 1809 1857
1761 1821 1733
1761 1857 1821
1762 1676 1726
1762 1726 1810
1762 1734 1676
1762 1810 1858
1762 1822 1734
1762 1858 1822
1763 1677 1735
1763 1727 1677
1763 1735 1823
1763 1811 1727
1763 1823 1859
1763 1859 1811
1764 1824 1852
1767 1827 1855
1768 1820 1732
1769 1817 1729
1770 1818 1730
1771 1823 1735
1772 1690 1694
1772 1694 1776
1772 1748 1690
1772 1776 1840
1772 1832 1748
1772 1840 1832
1773 1691 1749
1773 1695 1691
1773 1749 1833
1773 1777 1695
1773 1833 1841
1773 1841 1777
1774 1692 1750
1774 1696 1692
1774 1750 1834
1774 1778 1696
1774 1834 1842
1774 1842 1778
1775 1693 1697
1775 1697 1779
1775 1751 1693
1775 1779 1843
1775 1835 1751
1775 1843 1835
1780 1698 1788
1780 1702 1698
1780 1776 1702
1780 1788 1868
1780 1848 1776
1780 1868 1848
1781 1699 1703
1781 1703 1777
1781 1777 1849
1781 1789 1699
1781 1849 1869
1781 1869 1789
1782 1700 1704
1782 1704 1778
1782 1778 1850
1782 1790 1700
1782 1850 1870
1782 1870 1790
1783 1701 1791
1783 1705 1701
1783 1779 1705
1783 1791 1871
1783 1851 1779
1783 1871 1851
1784 1812 1860
1785 1687 1745
1786 1688 1746
1787 1815 1863
1788 1876 1868
1791 1879 1871
1792 1706 1752
1793 1825 1873
1794 1826 1874
1795 1709 1755
1796 1710 1714
1796 1714 1804
1796 1788 1710
1796 1804 1880
1796 1876 1788
1796 1880 1876
1797 1711 1789
1797 1715 1711
1797 1789 1877
1797 1805 1715
1797 1877 1881
1797 1881 1805
1798 1712 1790
1798 1716 1712
1798 1790 1878
1798 1804 1716
1798 1878 1882
1798 1882 1804
1799 1713 1717
1799 1717 1805
1799 1791 1713
1799 1805 1883
1799 1879 1791
1799 1883 1879
1800 1718 1744
1801 1845 1891
1802 1846 1892
1803 1721 1747
1806 1722 1764
1806 1764 1852
1806 1765 1722
1806 1852 1884
1806 1853 1765
1806 1884 1853
1807 1723 1767
1807 1766 1723
1807 1767 1855
1807 1854 1766
1807 1855 1885
1807 1885 1854
1808 1856 1894
1809 1725 1753
1810 1726 1754
1811 1859 1897
1812 1748 1832
1815 1751 1835
1825 1765 1853
1826 1766 1854
1828 1744 1784
1828 1784 1860
1828 1800 1744
1828 1860 1914
1828 1890 1800
1828 1914 1890
1829 1745 1801
1829 1785 1745
1829 1801 1891
1829 1861 1785
1829 1891 1915
1829 1915 1861
1830 1746 1802
1830 1786 1746
1830 1802 1892
1830 1862 1786
1830 1892 1916
1830 1916 1862
1831 1747 1787
1831 1787 1863
1831 1803 1747
1831 1863 1917
1831 1893 1803
1831 1917 1893
1836 1752 1808
1836 1792 1752
1836 1808 1894
1836 1872 1792
1836 1894 1922
1836 1922 1872
1837 1753 1793
1837 1793 1873
1837 1809 1753
1837 1873 1923
1837 1895 1809
1837 1923 1895
1838 1754 1794
1838 1794 1874
1838 1810 1754
1838 1874 1924
1838 1896 1810
1838 1924 1896
1839 1755 1811
1839 1795 1755
1839 1811 1897
1839 1875 1795
1839 1897 1925
1839 1925 1875
1840 1776 1848
1841 1833 1907
1842 1834 1908
1843 1779 1851
1844 1902 1816
1847 1905 1819
1848 1868 1930
1849 1777 1841
1850 1778 1842
1851 1871 1933
1857 1911 1821
1858 1912 1822
1860 1942 1914
1861 1813 1785
1862 1814 1786
1863 1945 1917
1864 1768 1816
1864 1816 1902
1864 1820 1768
1864 1902 1950
1864 1910 1820
1864 1950 1910
1865 1769 1821
1865 1817 1769
1865 1821 1911
1865 1903 1817
1865 1911 1951
1865 1951 1903
1866 1770 1822
1866 1818 1770
1866 1822 1912
1866 1904 1818
1866 1912 1952
1866 1952 1904
1867 1771 1819
1867 1819 1905
1867 1823 1771
1867 1905 1953
1867 1913 1823
1867 1953 1913
1872 1824 1792
1873 1963 1923
1874 1964 1924
1875 1827 1795
1877 1789 1869
1878 1790 1870
1880 1804 1882
1881 1877 1955
1882 1878 1956
1883 1805 1881
1884 1852 1926
1885 1855 1929
1886 1812 1832
1886 1832 1906
1886 1860 1812
1886 1906 1966
1886 1942 1860
1886 1966 1942
1887 1813 1861
1887 1833 1813
1887 1861 1943
1887 1907 1833
1887 1943 1967
1887 1967 1907
1888 1814 1862
1888 1834 1814
1888 1862 1944
1888 1908 1834
1888 1944 1968
1888 1968 1908
1889 1815 1835
1889 1835 1909
1889 1863 1815
1889 1909 1969
1889 1945 1863
1889 1969 1945
1890 1844 1800
1891 1971 1915
1892 1972 1916
1893 1847 1803
1894 1974 1922
1895 1857 1809
1896 1858 1810
1897 1977 1925
1898 1824 1872
1898 1852 1824
1898 1872 1962
1898 1926 1852
1898 1962 1978
1898 1978 1926
1899 1825 1853
1899 1853 1927
1899 1873 1825
1899 1927 1979
1899 1963 1873
1899 1979 1963
1900 1826 1854
1900 1854 1928
1900 1874 1826
1900 1928 1980
1900 1964 1874
1900 1980 1964
1901 1827 1875
1901 1855 1827
1901 1875 1965
1901 1929 1855
1901 1965 1981
1901 1981 1929
1903 1845 1817
1904 1846 1818
1906 1832 1840
1907 1967 1987
1908 1968 1988
1909 1835 1843
1910 1856 1820
1913 1859 1823
1914 1970 1890
1915 1943 1861
1916 1944 1862
1917 1973 1893
1918 1840 1848
1918 1848 1930
1918 1906 1840
1918 1930 1994
1918 1986 1906
1918 1994 1986
1919 1841 1907
1919 1849 1841
1919 1907 1987
1919 1931 1849
1919 1987 1995
1919 1995 1931
1920 1842 1908
1920 1850 1842
1920 1908 1988
1920 1932 1850
1920 1988 1996
1920 1996 1932
1921 1843 1851
1921 1851 1933
1921 1909 1843
1921 1933 1997
1921 1989 1909
1921 1997 1989
1922 1962 1872
1923 1975 1895
1924 1976 1896
1925 1965 1875
1926 1978 2014
1927 1853 1884
1928 1854 1885
1929 1981 2017
1930 2002 1994
1931 1869 1849
1932 1870 1850
1933 2005 1997
1934 1844 1890
1934 1890 1970
1934 1902 1844
1934 1970 2022
1934 1982 1902
1934 2022 1982
1935 1845 1903
1935 1891 1845
1935 1903 1983
1935 1971 1891
1935 1983 2023
1935 2023 1971
1936 1846 1904
1936 1892 1846
1936 1904 1984
1936 1972 1892
1936 1984 2024
1936 2024 1972
1937 1847 1893
1937 1893 1973
1937 1905 1847
1937 1973 2025
1937 1985 1905
1937 2025 1985
1938 1856 1910
1938 1894 1856
1938 1910 1990
1938 1974 1894
1938 1990 2026
1938 2026 1974
1939 1857 1895
1939 1895 1975
1939 1911 1857
1939 1975 2027
1939 1991 1911
1939 2027 1991
1940 1858 1896
1940 1896 1976
1940 1912 1858
1940 1976 2028
1940 1992 1912
1940 2028 1992
1941 1859 1913
1941 1897 1859
1941 1913 1993
1941 1977 1897
1941 1993 2029
1941 2029 1977
1943 2031 1967
1944 2032 1968
1946 1868 1876
1946 1876 1954
1946 1930 1868
1946 1954 2006
1946 2002 1930
1946 2006 2002
1947 1869 1931
1947 1877 1869
1947 1931 2003
1947 1955 1877
1947 2003 2007
1947 2007 1955
1948 1870 1932
1948 1878 1870
1948 1932 2004
1948 1956 1878
1948 2004 2008
1948 2008 1956
1949 1871 1879
1949 1879 1957
1949 1933 1871
1949 1957 2009
1949 2005 1933
1949 2009 2005
1950 1902 1982
1951 1911 1991
1952 1912 1992
1953 1905 1985
1954 1876 1880
1955 2007 2019
1956 2008 2020
1957 1879 1883
1958 1884 1926
1958 1926 2014
1958 1927 1884
1958 2014 2015
1958 2015 1927
1959 1880 1882
1959 1882 1956
1959 1954 1880
1959 1956 2020
1959 2018 1954
1959 2020 2018
1960 1881 1955
1960 1883 1881
1960 1955 2019
1960 1957 1883
1960 2019 2021
1960 2021 1957
1961 1885 1929
1961 1928 1885
1961 1929 2017
1961 2016 1928
1961 2017 2016
1962 2038 1978
1965 2041 1981
1971 2023 2055
1982 2022 2076
1983 1903 1951
1984 1904 1952
1985 2025 2079
1986 1966 1906
1987 2047 1995
1988 2048 1996
1989 1969 1909
1990 1910 1950
1991 2027 2073
1992 2028 2074
1993 1913 1953
1994 2046 1986
1995 2003 1931
1996 2004 1932
1997 2049 1989
1998 1914 1942
1998 1942 2030
1998 1970 1914
1998 2030 2086
1998 2054 1970
1998 2086 2054
1999 1915 1971
1999 1943 1915
1999 1971 2055
1999 2031 1943
1999 2055 2087
1999 2087 2031
2000 1916 1972
2000 1944 1916
2000 1972 2056
2000 2032 1944
2000 2056 2088
2000 2088 2032
2001 1917 1945
2001 1945 2033
2001 1973 1917
2001 2033 2089
2001 2057 1973
2001 2089 2057
2006 2062 2002
2009 2065 2005
2010 1922 1974
2010 1962 1922
2010 1974 2058
2010 2038 1962
2010 2058 2090
2010 2090 2038
2011 1923 1963
2011 1963 2039
2011 1975 1923
2011 2039 2091
2011 2059 1975
2011 2091 2059
2012 1924 1964
2012 1964 2040
2012 1976 1924
2012 2040 2092
2012 2060 1976
2012 2092 2060
2013 1925 1977
2013 1965 1925
2013 1977 2061
2013 2041 1965
2013 2061 2093
2013 2093 2041
2014 2070 2015
2015 1979 1927
2016 1980 1928
2017 2071 2016
2018 2006 1954
2019 2085 2021
2020 2084 2018
2021 2009 1957
2026 2058 1974
2027 1975 2059
2028 1976 2060
2029 2061 1977
2030 1942 1966
2033 1945 1969
2034 1950 1982
2034 1982 2076
2034 1990 1950
2034 2072 1990
2034 2076 2106
2034 2106 2072
2035 1951 1991
2035 1983 1951
2035 1991 2073
2035 2073 2107
2035 2077 1983
2035 2107 2077
2036 1952 1992
2036 1984 1952
2036 1992 2074
2036 2074 2108
2036 2078 1984
2036 2108 2078
2037 1953 1985
2037 1985 2079
2037 1993 1953
2037 2075 1993
2037 2079 2109
2037 2109 2075
2039 1963 1979
2040 1964 1980
2042 1966 1986
2042 1986 2046
2042 2030 1966
2042 2046 2110
2042 2098 2030
2042 2110 2098
2043 1967 2031
2043 1987 1967
2043 2031 2099
2043 2047 1987
2043 2099 2111
2043 2111 2047
2044 1968 2032
2044 1988 1968
2044 2032 2100
2044 2048 1988
2044 2100 2112
2044 2112 2048
2045 1969 1989
2045 1989 2049
2045 2033 1969
2045 2049 2113
2045 2101 2033
2045 2113 2101
2050 1994 2002
2050 2002 2062
2050 2046 1994
2050 2062 2114
2050 2114 2122
2050 2122 2046
2051 1995 2047
2051 2003 1995
2051 2047 2123
2051 2063 2003
2051 2115 2063
2051 2123 2115
2052 1996 2048
2052 2004 1996
2052 2048 2124
2052 2064 2004
2052 2116 2064
2052 2124 2116
2053 1997 2005
2053 2005 2065
2053 2049 1997
2053 2065 2117
2053 2117 2125
2053 2125 2049
2054 2022 1970
2056 1972 2024
2057 2025 1973
2063 2007 2003
2064 2008 2004
2066 1978 2038
2066 2014 1978
2066 2038 2118
2066 2070 2014
2066 2118 2126
2066 2126 2070
2067 1979 2015
2067 2015 2070
2067 2039 1979
2067 2070 2127
2067 2119 2039
2067 2127 2119
2068 1980 2016
2068 2016 2071
2068 2040 1980
2068 2071 2128
2068 2120 2040
2068 2128 2120
2069 1981 2041
2069 2017 1981
2069 2041 2121
2069 2071 2017
2069 2121 2129
2069 2129 2071
2072 2026 1990
2073 2147 2107
2074 2148 2108
2075 2029 1993
2076 2150 2106
2077 2023 1983
2078 2024 1984
2079 2153 2109
2080 2006 2018
2080 2018 2084
2080 2062 2006
2080 2084 2134
2080 2130 2062
2080 2134 2130
2081 2007 2063
2081 2019 2007
2081 2063 2131
2081 2085 2019
2081 2131 2135
2081 2135 2085
2082 2008 2064
2082 2020 2008
2082 2064 2132
2082 2084 2020
2082 2132 2136
2082 2136 2084
2083 2009 2021
2083 2021 2085
2083 2065 2009
2083 2085 2137
2083 2133 2065
2083 2137 2133
2084 2136 2134
2085 2135 2137
2086 2030 2098
2087 2055 2139
2088 2056 2140
2089 2033 2101
2090 2058 2142
2091 2039 2119
2092 2040 2120
2093 2061 2145
2094 2022 2054
2094 2054 2138
2094 2076 2022
2094 2138 2184
2094 2150 2076
2094 2184 2150
2095 2023 2077
2095 2055 2023
2095 2077 2151
2095 2139 2055
2095 2151 2185
2095 2185 2139
2096 2024 2078
2096 2056 2024
2096 2078 2152
2096 2140 2056
2096 2152 2186
2096 2186 2140
2097 2025 2057
2097 2057 2141
2097 2079 2025
2097 2141 2187
2097 2153 2079
2097 2187 2153
2098 2110 2162
2099 2031 2087
2100 2032 2088
2101 2113 2165
2102 2026 2072
2102 2058 2026
2102 2072 2146
2102 2142 2058
2102 2146 2188
2102 2188 2142
2103 2027 2059
2103 2059 2143
2103 2073 2027
2103 2143 2189
2103 2147 2073
2103 2189 2147
2104 2028 2060
2104 2060 2144
2104 2074 2028
2104 2144 2190
2104 2148 2074
2104 2190 2148
2105 2029 2075
2105 2061 2029
2105 2075 2149
2105 2145 2061
2105 2149 2191
2105 2191 2145
2106 2146 2072
2107 2151 2077
2108 2152 2078
2109 2149 2075
2111 2123 2047
2112 2124 2048
2114 2062 2130
2115 2123 2181
2116 2124 2182
2117 2065 2133
2118 2038 2090
2119 2127 2167
2120 2128 2168
2121 2041 2093
2122 2110 2046
2125 2113 2049
2126 2127 2070
2129 2128 2071
2130 2134 2196
2131 2063 2115
2132 2064 2116
2133 2137 2199
2138 2054 2086
2139 2185 2203
2140 2186 2204
2141 2057 2089
2142 2188 2206
2143 2059 2091
2144 2060 2092
2145 2191 2209
2147 2189 2211
2148 2190 2212
2150 2184 2214
2153 2187 2217
2154 2086 2098
2154 2098 2162
2154 2138 2086
2154 2162 2218
2154 2202 2138
2154 2218 2202
2155 2087 2139
2155 2099 2087
2155 2139 2203
2155 2163 2099
2155 2203 2219
2155 2219 2163
2156 2088 2140
2156 2100 2088
2156 2140 2204
2156 2164 2100
2156 2204 2220
2156 2220 2164
2157 2089 2101
2157 2101 2165
2157 2141 2089
2157 2165 2221
2157 2205 2141
2157 2221 2205
2158 2090 2142
2158 2118 2090
2158 2142 2206
2158 2166 2118
2158 2206 2222
2158 2222 2166
2159 2091 2119
2159 2119 2167
2159 2143 2091
2159 2167 2223
2159 2207 2143
2159 2223 2207
2160 2092 2120
2160 2120 2168
2160 2144 2092
2160 2168 2224
2160 2208 2144
2160 2224 2208
2161 2093 2145
2161 2121 2093
2161 2145 2209
2161 2169 2121
2161 2209 2225
2161 2225 2169
2162 2234 2218
2163 2111 2099
2164 2112 2100
2165 2237 2221
2166 2126 2118
2167 2227 2223
2168 2228 2224
2169 2129 2121
2170 2114 2130
2170 2130 2196
2170 2180 2114
2170 2196 2230
2170 2230 2246
2170 2246 2180
2171 2115 2181
2171 2131 2115
2171 2181 2247
2171 2197 2131
2171 2231 2197
2171 2247 2231
2172 2116 2182
2172 2132 2116
2172 2182 2248
2172 2198 2132
2172 2232 2198
2172 2248 2232
2173 2117 2133
2173 2133 2199
2173 2183 2117
2173 2199 2233
2173 2233 2249
2173 2249 2183
2174 2110 2122
2174 2122 2180
2174 2162 2110
2174 2180 2242
2174 2234 2162
2174 2242 2234
2175 2111 2163
2175 2123 2111
2175 2163 2235
2175 2181 2123
2175 2235 2243
2175 2243 2181
2176 2112 2164
2176 2124 2112
2176 2164 2236
2176 2182 2124
2176 2236 2244
2176 2244 2182
2177 2113 2125
2177 2125 2183
2177 2165 2113
2177 2183 2245
2177 2237 2165
2177 2245 2237
2178 2126 2166
2178 2127 2126
2178 2166 2226
2178 2167 2127
2178 2226 2227
2178 2227 2167
2179 2128 2129
2179 2129 2169
2179 2168 2128
2179 2169 2229
2179 2228 2168
2179 2229 2228
2180 2122 2114
2181 2243 2247
2182 2244 2248
2183 2125 2117
2185 2151 2215
2186 2152 2216
2188 2146 2210
2191 2149 2213
2192 2106 2150
2192 2146 2106
2192 2150 2214
2192 2210 2146
2192 2214 2258
2192 2258 2210
2193 2107 2147
2193 2147 2211
2193 2151 2107
2193 2211 2259
2193 2215 2151
2193 2259 2215
2194 2108 2148
2194 2148 2212
2194 2152 2108
2194 2212 2260
2194 2216 2152
2194 2260 2216
2195 2109 2153
2195 2149 2109
2195 2153 2217
2195 2213 2149
2195 2217 2261
2195 2261 2213
2196 2238 2230
2197 2135 2131
2198 2136 2132
2199 2241 2233
2200 2134 2136
2200 2136 2198
2200 2196 2134
2200 2198 2240
2200 2238 2196
2200 2240 2238
2201 2135 2197
2201 2137 2135
2201 2197 2239
2201 2199 2137
2201 2239 2241
2201 2241 2199
2202 2184 2138
2203 2267 2219
2204 2268 2220
2205 2187 2141
2206 2262 2222
2207 2189 2143
2208 2190 2144
2209 2265 2225
2218 2266 2202
2219 2235 2163
2220 2236 2164
2221 2269 2205
2222 2226 2166
2223 2263 2207
2224 2264 2208
2225 2229 2169
2230 2298 2246
2231 2239 2197
2232 2240 2198
2233 2301 2249
2234 2242 2294
2235 2295 2243
2236 2296 2244
2237 2245 2297
2238 2240 2292
2241 2239 2293
2246 2242 2180
2247 2299 2231
2248 2300 2232
2249 2245 2183
2250 2184 2202
2250 2202 2266
2250 2214 2184
2250 2266 2310
2250 2288 2214
2250 2310 2288
2251 2185 2215
2251 2203 2185
2251 2215 2289
2251 2267 2203
2251 2289 2311
2251 2311 2267
2252 2186 2216
2252 2204 2186
2252 2216 2290
2252 2268 2204
2252 2290 2312
2252 2312 2268
2253 2187 2205
2253 2205 2269
2253 2217 2187
2253 2269 2313
2253 2291 2217
2253 2313 2291
2254 2188 2210
2254 2206 2188
2254 2210 2284
2254 2262 2206
2254 2284 2306
2254 2306 2262
2255 2189 2207
2255 2207 2263
2255 2211 2189
2255 2263 2307
2255 2285 2211
2255 2307 2285
2256 2190 2208
2256 2208 2264
2256 2212 2190
2256 2264 2308
2256 2286 2212
2256 2308 2286
2257 2191 2213
2257 2209 2191
2257 2213 2287
2257 2265 2209
2257 2287 2309
2257 2309 2265
2258 2214 2288
2259 2211 2285
2260 2212 2286
2261 2217 2291
2263 2319 2307
2264 2320 2308
2266 2322 2310
2269 2325 2313
2270 2222 2262
2270 2226 2222
2270 2262 2318
2270 2274 2226
2270 2318 2326
2270 2326 2274
2271 2223 2227
2271 2227 2274
2271 2263 2223
2271 2274 2327
2271 2319 2263
2271 2327 2319
2272 2224 2228
2272 2228 2275
2272 2264 2224
2272 2275 2328
2272 2320 2264
2272 2328 2320
2273 2225 2265
2273 2229 2225
2273 2265 2321
2273 2275 2229
2273 2321 2329
2273 2329 2275
2274 2227 2226
2275 2228 2229
2276 2218 2234
2276 2234 2294
2276 2266 2218
2276 2294 2334
2276 2322 2266
2276 2334 2322
2277 2219 2267
2277 2235 2219
2277 2267 2323
2277 2295 2235
2277 2323 2335
2277 2335 2295
2278 2220 2268
2278 2236 2220
2278 2268 2324
2278 2296 2236
2278 2324 2336
2278 2336 2296
2279 2221 2237
2279 2237 2297
2279 2269 2221
2279 2297 2337
2279 2325 2269
2279 2337 2325
2280 2230 2238
2280 2238 2292
2280 2292 2330
2280 2298 2230
2280 2330 2338
2280 2338 2298
2281 2231 2299
2281 2239 2231
2281 2293 2239
2281 2299 2339
2281 2331 2293
2281 2339 2331
2282 2232 2300
2282 2240 2232
2282 2292 2240
2282 2300 2340
2282 2332 2292
2282 2340 2332
2283 2233 2241
2283 2241 2293
2283 2293 2333
2283 2301 2233
2283 2333 2341
2283 2341 2301
2284 2210 2258
2285 2307 2343
2286 2308 2344
2287 2213 2261
2288 2310 2346
2289 2215 2259
2290 2216 2260
2291 2313 2349
2299 2355 2339
2300 2356 2340
2302 2242 2246
2302 2246 2298
2302 2294 2242
2302 2298 2354
2302 2350 2294
2302 2354 2350
2303 2243 2295
2303 2247 2243
2303 2295 2351
2303 2299 2247
2303 2351 2355
2303 2355 2299
2304 2244 2296
2304 2248 2244
2304 2296 2352
2304 2300 2248
2304 2352 2356
2304 2356 2300
2305 2245 2249
2305 2249 2301
2305 2297 2245
2305 2301 2357
2305 2353 2297
2305 2357 2353
2314 2258 2288
2314 2284 2258
2314 2288 2346
2314 2342 2284
2314 2346 2374
2314 2374 2342
2315 2259 2285
2315 2285 2343
2315 2289 2259
2315 2343 2375
2315 2347 2289
2315 2375 2347
2316 2260 2286
2316 2286 2344
2316 2290 2260
2316 2344 2376
2316 2348 2290
2316 2376 2348
2317 2261 2291
2317 2287 2261
2317 2291 2349
2317 2345 2287
2317 2349 2377
2317 2377 2345
2318 2262 2306
2321 2265 2309
2323 2267 2311
2324 2268 2312
2326 2318 2366
2327 2274 2326
2328 2275 2329
2329 2321 2369
2330 2292 2332
2331 2339 2383
2332 2340 2384
2333 2293 2331
2334 2294 2350
2335 2323 2379
2336 2324 2380
2337 2297 2353
2342 2306 2284
2343 2399 2375
2344 2400 2376
2345 2309 2287
2346 2402 2374
2347 2311 2289
2348 2312 2290
2349 2405 2377
2350 2354 2394
2351 2295 2335
2352 2296 2336
2353 2357 2397
2354 2298 2338
2357 2301 2341
2358 2306 2342
2358 2318 2306
2358 2342 2398
2358 2366 2318
2358 2398 2406
2358 2406 2366
2359 2307 2319
2359 2319 2367
2359 2343 2307
2359 2367 2407
2359 2399 2343
2359 2407 2399
2360 2308 2320
2360 2320 2368
2360 2344 2308
2360 2368 2408
2360 2400 2344
2360 2408 2400
2361 2309 2345
2361 2321 2309
2361 2345 2401
2361 2369 2321
2361 2401 2409
2361 2409 2369
2362 2310 2322
2362 2322 2378
2362 2346 2310
2362 2378 2410
2362 2402 2346
2362 2410 2402
2363 2311 2347
2363 2323 2311
2363 2347 2403
2363 2379 2323
2363 2403 2411
2363 2411 2379
2364 2312 2348
2364 2324 2312
2364 2348 2404
2364 2380 2324
2364 2404 2412
2364 2412 2380
2365 2313 2325
2365 2325 2381
2365 2349 2313
2365 2381 2413
2365 2405 2349
2365 2413 2405
2366 2406 2414
2367 2319 2327
2368 2320 2328
2369 2409 2417
2370 2326 2366
2370 2327 2326
2370 2366 2414
2370 2367 2327
2370 2414 2415
2370 2415 2367
2371 2330 2332
2371 2332 2384
2371 2382 2330
2371 2384 2418
2371 2418 2382
2372 2331 2383
2372 2333 2331
2372 2383 2419
2372 2385 2333
2372 2419 2385
2373 2328 2329
2373 2329 2369
2373 2368 2328
2373 2369 2417
2373 2416 2368
2373 2417 2416
2374 2398 2342
2375 2403 2347
2376 2404 2348
2377 2401 2345
2378 2322 2334
2379 2411 2425
2380 2412 2426
2381 2325 2337
2382 2338 2330
2383 2429 2419
2384 2430 2418
2385 2341 2333
2386 2334 2350
2386 2350 2394
2386 2378 2334
2386 2394 2432
2386 2424 2378
2386 2432 2424
2387 2335 2379
2387 2351 2335
2387 2379 2425
2387 2395 2351
2387 2425 2433
2387 2433 2395
2388 2336 2380
2388 2352 2336
2388 2380 2426
2388 2396 2352
2388 2426 2434
2388 2434 2396
2389 2337 2353
2389 2353 2397
2389 2381 2337
2389 2397 2435
2389 2427 2381
2389 2435 2427
2390 2338 2382
2390 2354 2338
2390 2382 2428
2390 2394 2354
2390 2428 2436
2390 2436 2394
2391 2339 2355
2391 2355 2395
2391 2383 2339
2391 2395 2437
2391 2429 2383
2391 2437 2429
2392 2340 2356
2392 2356 2396
2392 2384 2340
2392 2396 2438
2392 2430 2384
2392 2438 2430
2393 2341 2385
2393 2357 2341
2393 2385 2431
2393 2397 2357
2393 2431 2439
2393 2439 2397
2394 2436 2432
2395 2355 2351
2396 2356 2352
2397 2439 2435
2407 2441 2399
2408 2442 2400
2410 2444 2402
2413 2447 2405
2414 2454 2415
2415 2407 2367
2416 2408 2368
2417 2455 2416
2418 2428 2382
2419 2431 2385
2420 2374 2402
2420 2398 2374
2420 2402 2444
2420 2440 2398
2420 2444 2468
2420 2468 2440
2421 2375 2399
2421 2399 2441
2421 2403 2375
2421 2441 2469
2421 2445 2403
2421 2469 2445
2422 2376 2400
2422 2400 2442
2422 2404 2376
2422 2442 2470
2422 2446 2404
2422 2470 2446
2423 2377 2405
2423 2401 2377
2423 2405 2447
2423 2443 2401
2423 2447 2471
2423 2471 2443
2424 2410 2378
2425 2465 2433
2426 2466 2434
2427 2413 2381
2432 2464 2424
2433 2437 2395
2434 2438 2396
2435 2467 2427
2437 2461 2429
2438 2462 2430
2440 2406 2398
2443 2409 2401
2445 2411 2403
2446 2412 2404
2448 2406 2440
2448 2414 2406
2448 2440 2476
2448 2454 2414
2448 2476 2486
2448 2486 2454
2449 2407 2415
2449 2415 2454
2449 2441 2407
2449 2454 2487
2449 2477 2441
2449 2487 2477
2450 2408 2416
2450 2416 2455
2450 2442 2408
2450 2455 2488
2450 2478 2442
2450 2488 2478
2451 2409 2443
2451 2417 2409
2451 2443 2479
2451 2455 2417
2451 2479 2489
2451 2489 2455
2452 2418 2430
2452 2428 2418
2452 2430 2462
2452 2460 2428
2452 2462 2484
2452 2484 2460
2453 2419 2429
2453 2429 2461
2453 2431 2419
2453 2461 2485
2453 2463 2431
2453 2485 2463
2455 2489 2488
2456 2410 2424
2456 2424 2464
2456 2444 2410
2456 2464 2490
2456 2480 2444
2456 2490 2480
2457 2411 2445
2457 2425 2411
2457 2445 2481
2457 2465 2425
2457 2481 2491
2457 2491 2465
2458 2412 2446
2458 2426 2412
2458 2446 2482
2458 2466 2426
2458 2482 2492
2458 2492 2466
2459 2413 2427
2459 2427 2467
2459 2447 2413
2459 2467 2493
2459 2483 2447
2459 2493 2483
2460 2436 2428
2463 2439 2431
2468 2444 2480
2469 2441 2477
2470 2442 2478
2471 2447 2483
2472 2432 2436
2472 2436 2460
2472 2460 2494
2472 2464 2432
2472 2494 2498
2472 2498 2464
2473 2433 2465
2473 2437 2433
2473 2461 2437
2473 2465 2499
2473 2495 2461
2473 2499 2495
2474 2434 2466
2474 2438 2434
2474 2462 2438
2474 2466 2500
2474 2496 2462
2474 2500 2496
2475 2435 2439
2475 2439 2463
2475 2463 2497
2475 2467 2435
2475 2497 2501
2475 2501 2467
2476 2440 2468
2477 2487 2507
2478 2488 2508
2479 2443 2471
2480 2490 2510
2481 2445 2469
2482 2446 2470
2483 2493 2513
2484 2462 2496
2485 2461 2495
2487 2454 2486
2490 2464 2498
2491 2499 2465
2492 2500 2466
2493 2467 2501
2494 2460 2484
2495 2499 2523
2496 2500 2524
2497 2463 2485
2502 2468 2480
2502 2476 2468
2502 2480 2510
2502 2506 2476
2502 2510 2526
2502 2526 2506
2503 2469 2477
2503 2477 2507
2503 2481 2469
2503 2507 2527
2503 2511 2481
2503 2527 2511
2504 2470 2478
2504 2478 2508
2504 2482 2470
2504 2508 2528
2504 2512 2482
2504 2528 2512
2505 2471 2483
2505 2479 2471
2505 2483 2513
2505 2509 2479
2505 2513 2529
2505 2529 2509
2506 2486 2476
2507 2533 2527
2508 2534 2528
2509 2489 2479
2510 2536 2526
2511 2491 2481
2512 2492 2482
2513 2539 2529
2514 2484 2496
2514 2494 2484
2514 2496 2524
2514 2522 2494
2514 2524 2530
2514 2530 2522
2515 2485 2495
2515 2495 2523
2515 2497 2485
2515 2523 2531
2515 2525 2497
2515 2531 2525
2516 2486 2506
2516 2487 2486
2516 2506 2532
2516 2507 2487
2516 2532 2533
2516 2533 2507
2517 2488 2489
2517 2489 2509
2517 2508 2488
2517 2509 2535
2517 2534 2508
2517 2535 2534
2518 2490 2498
2518 2498 2522
2518 2510 2490
2518 2522 2540
2518 2536 2510
2518 2540 2536
2519 2491 2511
2519 2499 2491
2519 2511 2537
2519 2523 2499
2519 2537 2541
2519 2541 2523
2520 2492 2512
2520 2500 2492
2520 2512 2538
2520 2524 2500
2520 2538 2542
2520 2542 2524
2521 2493 2501
2521 2501 2525
2521 2513 2493
2521 2525 2543
2521 2539 2513
2521 2543 2539
2522 2498 2494
2523 2541 2531
2524 2542 2530
2525 2501 2497
2526 2532 2506
2527 2537 2511
2528 2538 2512
2529 2535 2509
2530 2540 2522
2531 2543 2525
2533 2532 2550
2534 2535 2551
2536 2540 2552
2539 2543 2555
2541 2537 2553
2542 2538 2554
2544 2526 2536
2544 2532 2526
2544 2536 2552
2544 2550 2532
2544 2552 2556
2544 2556 2550
2545 2527 2533
2545 2533 2550
2545 2537 2527
2545 2550 2557
2545 2553 2537
2545 2557 2553
2546 2528 2534
2546 2534 2551
2546 2538 2528
2546 2551 2558
2546 2554 2538
2546 2558 2554
2547 2529 2539
2547 2535 2529
2547 2539 2555
2547 2551 2535
2547 2555 2559
2547 2559 2551
2548 2530 2542
2548 2540 2530
2548 2542 2554
2548 2552 2540
2548 2554 2560
2548 2560 2552
2549 2531 2541
2549 2541 2553
2549 2543 2531
2549 2553 2561
2549 2555 2543
2549 2561 2555
2556 2552 2560
2557 2550 2556
2558 2551 2559
2559 2555 2561
2560 2554 2558
2561 2553 2557
2562 2556 2560
2562 2557 2556
2562 2558 2559
2562 2559 2561
2562 2560 2558
2562 2561 2557
