0.958158 0.001026 0.286236
0.883344 0.391772 0.257328
0.232345 0.954622 0.186315
0.743453 0.075401 0.664525
0.262750 0.650721 -0.712408
-0.485603 0.853530 0.188880
0.915040 0.379044 -0.137940
-0.496469 0.777612 0.385795
0.154032 -0.719187 0.677528
0.826920 -0.541313 0.152262
0.750554 0.572792 -0.329510
0.781902 -0.513192 0.353926
0.856982 0.393975 -0.332214
-0.620262 -0.672883 0.403117
0.942373 -0.171500 -0.287263
0.301370 0.769711 0.562780
-0.372472 0.380733 0.846349
-0.871526 -0.038132 0.488865
-0.178181 -0.128972 0.975509
-0.774063 0.090888 0.626550
-0.611573 0.503582 0.610232
0.858982 -0.333283 -0.388681
-0.120736 0.891318 0.437007
-0.899948 0.418992 0.120580
0.328058 0.438218 0.836865
-0.671245 -0.723778 -0.159922
0.968545 -0.185765 0.165564
-0.789539 0.606766 0.091993
-0.369942 -0.401208 0.837959
0.709722 -0.681274 -0.179334
-0.484886 -0.847432 -0.216207
0.166876 0.342099 0.924727
0.768096 0.580367 0.270559
0.718050 -0.695007 0.037013
0.172350 0.116556 0.978116
-0.190145 -0.357246 -0.914451
0.840328 -0.538485 -0.062310
-0.171669 0.084108 -0.981558
-0.132872 0.732401 -0.667783
-0.266038 0.685621 0.677605
0.661256 0.457802 0.594271
0.346532 -0.220284 0.911806
-0.089985 0.784080 0.614102
0.428389 -0.481581 -0.764567
-0.342047 -0.618740 -0.707224
0.357581 0.016310 0.933740
-0.219641 0.526379 0.821391
-0.070632 0.995994 -0.054830
-0.779960 0.204983 -0.591308
-0.280388 0.892325 -0.353749
0.393040 -0.900687 -0.185153
-0.586607 -0.564645 0.580575
0.339225 -0.611571 0.714778
0.723503 0.685954 0.077533
-0.024637 -0.055614 -0.998148
0.916838 -0.360336 -0.171949
0.134579 -0.852937 0.504368
-0.098695 -0.995062 0.010548
0.872361 0.040213 0.487205
0.164944 0.986038 -0.022868
0.269418 -0.782343 -0.561564
-0.806490 -0.400927 -0.434547
-0.173083 -0.543326 -0.821486
-0.338099 0.491155 -0.802780
-0.291986 -0.776924 -0.557794
0.005761 -0.233903 0.972243
0.677195 -0.698581 0.231065
0.170589 0.305863 -0.936668
-0.518267 0.652184 -0.553222
-0.328662 0.782518 -0.528816
0.609359 0.723981 -0.323316
-0.639205 0.767112 0.054372
0.526431 -0.290616 0.799008
0.274140 0.881021 0.385552
0.603477 0.438963 -0.665678
0.002896 -0.258238 -0.966077
0.515017 0.846986 -0.131805
-0.210707 -0.963715 -0.163879
-0.659186 0.708871 0.250950
0.112097 -0.883872 -0.454097
0.181402 -0.096368 -0.978676
0.941840 0.198408 -0.271242
-0.429198 0.877080 -0.215687
0.180208 -0.109459 0.977519
0.669075 -0.101001 0.736300
-0.617938 -0.757615 0.210174
-0.514095 -0.024749 0.857376
-0.875903 0.475350 -0.082677
0.114874 -0.943296 0.311443
-0.698851 -0.361211 -0.617360
0.122286 0.720395 0.682699
0.563957 -0.134303 -0.814810
-0.733931 -0.677150 0.053039
-0.054126 0.637861 0.768247
-0.958958 0.279437 -0.048107
-0.765512 -0.593999 0.247299
-0.190717 -0.330848 0.924211
-0.922856 -0.037860 -0.383279
0.816208 0.562402 -0.132322
0.455284 0.605378 -0.652866
0.030003 -0.618887 -0.784907
0.580656 -0.812407 -0.053227
-0.388232 -0.236106 -0.890803
-0.491420 -0.667417 -0.559518
-0.139387 -0.713509 -0.686642
0.847867 0.525370 0.071466
-0.127682 0.856334 -0.500389
-0.025359 -0.639482 0.768388
-0.493412 0.778239 -0.388444
0.937478 0.342439 0.062207
0.458314 0.736329 -0.497763
-0.199259 0.380317 -0.903136
-0.533449 -0.497541 -0.684021
0.174803 -0.345417 0.922026
0.315130 -0.875514 0.366291
0.434689 0.840143 -0.324353
-0.873119 -0.480239 0.083865
0.648657 0.616697 0.446014
0.491584 0.076423 -0.867470
0.019844 0.992049 0.124277
-0.270144 0.958849 0.087354
-0.434278 -0.713669 0.549618
-0.456191 -0.810759 0.366824
0.919713 0.022905 -0.391922
0.566559 0.821096 0.069370
0.801868 0.251173 0.542144
0.295255 0.096764 -0.950506
-0.071698 -0.900277 0.429372
0.091590 0.114207 -0.989226
0.224478 0.488803 -0.843019
-0.919092 -0.242006 -0.310970
0.298293 -0.937723 0.178036
0.523274 -0.478881 0.704881
0.190131 -0.943128 -0.272689
-0.424943 0.546719 0.721472
0.591804 -0.337319 -0.732109
-0.708520 -0.159952 -0.687324
-0.768071 -0.170099 0.617360
0.352522 0.218609 0.909911
-0.395157 -0.582252 0.710516
0.413865 -0.301301 -0.859030
-0.660655 0.681393 -0.315021
-0.550369 0.356658 0.754910
0.067136 0.941174 0.331187
0.998482 -0.009114 0.054324
0.231839 -0.480749 -0.845654
0.979936 -0.189679 -0.061209
0.906569 -0.170520 0.386078
0.380068 -0.105551 -0.918916
0.895313 -0.356403 0.267193
-0.549112 -0.097953 -0.829989
-0.570890 -0.821008 -0.005520
0.095888 0.970771 -0.220021
-0.683357 0.048055 -0.728501
-0.412148 0.185655 0.892001
0.015963 0.455639 -0.890021
-0.817324 0.371492 -0.440426
-0.265155 -0.900402 -0.344918
0.637214 -0.644560 0.422495
-0.014793 -0.449186 0.893316
0.491372 -0.783841 0.379667
-0.099223 0.955476 -0.277885
0.523870 -0.832314 0.181146
-0.391944 -0.208902 0.895957
0.033164 -0.989620 -0.139832
0.226350 -0.648463 -0.726815
0.724267 0.247437 -0.643593
0.740948 -0.316538 -0.592283
-0.206844 -0.152963 -0.966343
-0.382683 -0.921573 -0.065242
-0.822666 -0.000702 -0.568524
-0.556673 -0.304952 -0.772735
0.811073 -0.336083 0.478757
0.789071 0.433072 0.435678
0.905259 0.214242 0.366888
-0.893580 0.169837 -0.415536
-0.683545 0.556351 -0.472482
-0.050677 -0.945132 -0.322733
-0.004265 0.231853 0.972741
-0.139385 0.961216 0.237984
-0.768389 0.431339 0.472785
0.061195 0.636793 -0.768602
-0.202571 -0.534265 0.820687
-0.674370 -0.044617 0.737045
-0.597407 0.788324 -0.147138
0.164345 -0.545631 0.821753
0.230478 -0.971531 -0.054835
-0.199555 0.317990 0.926855
-0.581925 -0.230769 0.779813
0.471752 0.775426 0.419720
-0.364259 -0.016011 -0.931160
-0.470726 0.677004 0.565758
-0.934589 0.097464 0.342118
0.416634 -0.643106 -0.642519
0.214088 -0.296092 -0.930857
-0.336318 0.650607 -0.680882
-0.805926 0.519096 -0.284644
0.624438 0.594433 -0.506682
0.420431 0.453304 -0.785973
0.140511 0.549351 0.823693
-0.663274 -0.548367 -0.509275
0.566038 0.104682 0.817706
0.853162 -0.149401 -0.499793
0.349467 -0.853384 -0.386793
-0.744753 -0.495869 0.446606
0.372159 0.279901 -0.884959
-0.257036 -0.822014 0.508159
0.809352 0.047412 -0.585408
-0.753720 0.647639 -0.111671
-0.322196 0.894768 0.309162
0.494546 -0.725217 -0.479045
0.721227 -0.130950 -0.680209
-0.105477 -0.855701 -0.506607
0.059795 -0.773692 -0.630734
-0.274340 -0.907932 0.316855
0.094186 0.850254 0.517878
-0.983395 -0.019991 0.180374
0.492123 0.647052 0.582356
0.617444 0.739764 0.267419
-0.604991 0.159722 0.780048
0.590432 -0.528043 -0.610377
-0.457537 0.329396 -0.825929
-0.451664 -0.877436 0.161573
-0.052202 0.258144 -0.964695
-0.932344 -0.157481 0.325474
0.309260 0.934953 -0.173843
-0.978614 -0.097974 -0.180874
-0.967892 0.118746 -0.221552
0.377335 0.925640 0.028436
-0.684710 0.404466 -0.606283
-0.997238 0.071896 -0.018627
-0.847755 0.219282 0.482936
0.069835 0.784614 -0.616039
-0.045990 -0.790812 0.610328
0.507818 -0.088830 0.856872
-0.510116 0.113660 -0.852563
0.686151 -0.303201 0.661261
-0.966108 0.205813 0.155808
-0.864746 -0.408428 0.292234
0.317116 0.621394 0.716455
0.266928 0.786850 -0.556432
-0.626293 0.256712 -0.736109
-0.841152 -0.285778 0.459123
-0.524031 0.496505 -0.692008
0.661954 0.065518 -0.746675
0.982879 0.173963 -0.060706
-0.946663 -0.282159 0.155610
-0.450017 0.893009 -0.004456
0.560687 0.265361 -0.784355
-0.028517 0.445530 0.894813
0.984425 -0.001663 -0.175800
-0.649875 0.619941 0.439701
-0.877188 -0.421642 -0.229694
-0.755341 -0.578211 -0.308434
-0.334974 -0.004872 0.942215
-0.819380 -0.565241 -0.095495
0.656690 -0.644972 -0.390858
-0.833767 -0.205447 -0.512468
0.665372 0.271759 0.695289
0.805645 -0.136330 0.576498
-0.712862 0.299077 0.634335
0.097256 -0.990143 0.100790
-0.319334 0.209603 -0.924171
0.853902 0.222805 -0.470329
0.244970 0.892247 -0.379321
0.682843 0.719576 -0.126236
-0.539733 -0.421209 0.728884
0.433272 0.870587 0.233140
-0.700757 -0.364728 0.613118
0.498621 -0.648531 0.575138
-0.794737 0.533779 0.288917
-0.604210 -0.709002 -0.363657
0.673979 -0.485855 0.556504
-0.942062 -0.328628 -0.067258
0.419758 -0.907343 0.023067
-0.141197 0.576367 -0.804900
-0.006624 -0.002264 0.999976
0.810029 -0.517824 -0.275156
-0.271566 -0.956543 0.106191
0.022816 -0.446367 -0.894559
0.328658 -0.767246 0.550742
-0.889691 0.332729 0.312635
-0.304103 0.807081 0.506104
0.499937 0.489243 0.714636
-0.184255 0.118969 0.975652
0.735099 -0.481641 -0.477127
-0.428342 -0.807030 -0.406480
0.927204 -0.371154 0.050374
0.502480 0.304433 0.809218
-0.989608 -0.143148 0.013557
0.054992 0.899925 -0.432563
-0.373115 -0.436161 -0.818870
0.970377 0.171422 0.170245
-0.225459 -0.700114 0.677501
0.750246 0.419637 -0.510917
0.353291 -0.427744 0.831998
-0.084216 -0.969858 0.228656
-0.258586 0.958047 -0.123610
-0.911242 0.326839 -0.250627
0.546155 -0.792058 -0.272689
