-1 0 0
-0.85065 0 -0.52573
-0.85065 0 0.52573
-0.80902 -0.5 -0.30902
-0.80902 -0.5 0.30902
-0.80902 0.5 -0.30902
-0.80902 0.5 0.30902
-0.52573 -0.85065 0
-0.52573 0.85065 0
-0.5 -0.30902 -0.80902
-0.5 -0.30902 0.80902
-0.5 0.30902 -0.80902
-0.5 0.30902 0.80902
-0.30902 -0.80902 -0.5
-0.30902 -0.80902 0.5
-0.30902 0.80902 -0.5
-0.30902 0.80902 0.5
0 -1 0
0 -0.52573 -0.85065
0 -0.52573 0.85065
0 0 -1
0 0 1
0 0.52573 -0.85065
0 0.52573 0.85065
0 1 0
0.30902 -0.80902 -0.5
0.30902 -0.80902 0.5
0.30902 0.80902 -0.5
0.30902 0.80902 0.5
0.5 -0.30902 -0.80902
0.5 -0.30902 0.80902
0.5 0.30902 -0.80902
0.5 0.30902 0.80902
0.52573 -0.85065 0
0.52573 0.85065 0
0.80902 -0.5 -0.30902
0.80902 -0.5 0.30902
0.80902 0.5 -0.30902
0.80902 0.5 0.30902
0.85065 0 -0.52573
0.85065 0 0.52573
1 0 0
