-1 0 0
-0.99044 0 -0.13795
-0.99044 0 0.13795
-0.98769 -0.13307 -0.082242
-0.98769 -0.13307 0.082242
-0.98769 0.13307 -0.082242
-0.98769 0.13307 0.082242
-0.96639 -0.13279 -0.22012
-0.96639 -0.13279 0.22012
-0.96639 0.13279 -0.22012
-0.96639 0.13279 0.22012
-0.96386 -0.2664 0
-0.96386 0.2664 0
-0.96194 0 -0.27327
-0.96194 0 0.27327
-0.95106 -0.26287 -0.16246
-0.95106 -0.26287 0.16246
-0.95106 0.26287 -0.16246
-0.95106 0.26287 0.16246
-0.9243 -0.13166 -0.35823
-0.9243 -0.13166 0.35823
-0.9243 0.13166 -0.35823
-0.9243 0.13166 0.35823
-0.91624 -0.26408 -0.30126
-0.91624 -0.26408 0.30126
-0.91624 0.26408 -0.30126
-0.91624 0.26408 0.30126
-0.91504 0 -0.40336
-0.91504 0 0.40336
-0.91298 -0.39961 -0.082324
-0.91298 -0.39961 0.082324
-0.91298 0.39961 -0.082324
-0.91298 0.39961 0.082324
-0.89101 -0.38619 -0.23868
-0.89101 -0.38619 0.23868
-0.89101 0.38619 -0.23868
-0.89101 0.38619 0.23868
-0.86493 -0.1312 -0.48444
-0.86493 -0.1312 0.48444
-0.86493 0.1312 -0.48444
-0.86493 0.1312 0.48444
-0.86267 -0.25989 -0.43389
-0.86267 -0.25989 0.43389
-0.86267 0.25989 -0.43389
-0.86267 0.25989 0.43389
-0.85065 -0.52573 0
-0.85065 0 -0.52573
-0.85065 0 0.52573
-0.85065 0.52573 0
-0.84391 -0.38361 -0.37504
-0.84391 -0.38361 0.37504
-0.84391 0.38361 -0.37504
-0.84391 0.38361 0.37504
-0.84018 -0.51926 -0.15643
-0.84018 -0.51926 0.15643
-0.84018 0.51926 -0.15643
-0.84018 0.51926 0.15643
-0.80902 -0.5 -0.30902
-0.80902 -0.5 0.30902
-0.80902 0.5 -0.30902
-0.80902 0.5 0.30902
-0.79265 -0.21302 -0.57125
-0.79265 -0.21302 0.57125
-0.79265 0.21302 -0.57125
-0.79265 0.21302 0.57125
-0.78384 -0.081086 -0.61564
-0.78384 -0.081086 0.61564
-0.78384 0.081086 -0.61564
-0.78384 0.081086 0.61564
-0.78345 -0.34615 -0.51612
-0.78345 -0.34615 0.51612
-0.78345 0.34615 -0.51612
-0.78345 0.34615 0.51612
-0.7802 -0.62024 -0.081142
-0.7802 -0.62024 0.081142
-0.7802 0.62024 -0.081142
-0.7802 0.62024 0.081142
-0.75865 -0.60683 -0.23709
-0.75865 -0.60683 0.23709
-0.75865 0.60683 -0.23709
-0.75865 0.60683 0.23709
-0.75794 -0.46843 -0.45399
-0.75794 -0.46843 0.45399
-0.75794 0.46843 -0.45399
-0.75794 0.46843 0.45399
-0.71128 0 -0.70291
-0.71128 0 0.70291
-0.70711 -0.6015 -0.37175
-0.70711 -0.6015 0.37175
-0.70711 0.6015 -0.37175
-0.70711 0.6015 0.37175
-0.70291 -0.71128 0
-0.70291 0.71128 0
-0.70231 -0.296 -0.64741
-0.70231 -0.296 0.64741
-0.70231 0.296 -0.64741
-0.70231 0.296 0.64741
-0.70205 -0.16062 -0.69378
-0.70205 -0.16062 0.69378
-0.70205 0.16062 -0.69378
-0.70205 0.16062 0.69378
-0.69378 -0.70205 -0.16062
-0.69378 -0.70205 0.16062
-0.69378 0.70205 -0.16062
-0.69378 0.70205 0.16062
-0.68819 -0.42533 -0.58779
-0.68819 -0.42533 0.58779
-0.68819 0.42533 -0.58779
-0.68819 0.42533 0.58779
-0.64741 -0.70231 -0.296
-0.64741 -0.70231 0.296
-0.64741 0.70231 -0.296
-0.64741 0.70231 0.296
-0.64658 -0.56425 -0.51338
-0.64658 -0.56425 0.51338
-0.64658 0.56425 -0.51338
-0.64658 0.56425 0.51338
-0.62024 -0.081142 -0.7802
-0.62024 -0.081142 0.7802
-0.62024 0.081142 -0.7802
-0.62024 0.081142 0.7802
-0.61564 -0.78384 -0.081086
-0.61564 -0.78384 0.081086
-0.61564 0.78384 -0.081086
-0.61564 0.78384 0.081086
-0.60683 -0.23709 -0.75865
-0.60683 -0.23709 0.75865
-0.60683 0.23709 -0.75865
-0.60683 0.23709 0.75865
-0.6015 -0.37175 -0.70711
-0.6015 -0.37175 0.70711
-0.6015 0.37175 -0.70711
-0.6015 0.37175 0.70711
-0.58779 -0.68819 -0.42533
-0.58779 -0.68819 0.42533
-0.58779 0.68819 -0.42533
-0.58779 0.68819 0.42533
-0.57125 -0.79265 -0.21302
-0.57125 -0.79265 0.21302
-0.57125 0.79265 -0.21302
-0.57125 0.79265 0.21302
-0.56425 -0.51338 -0.64658
-0.56425 -0.51338 0.64658
-0.56425 0.51338 -0.64658
-0.56425 0.51338 0.64658
-0.52573 -0.85065 0
-0.52573 0 -0.85065
-0.52573 0 0.85065
-0.52573 0.85065 0
-0.51926 -0.15643 -0.84018
-0.51926 -0.15643 0.84018
-0.51926 0.15643 -0.84018
-0.51926 0.15643 0.84018
-0.51612 -0.78345 -0.34615
-0.51612 -0.78345 0.34615
-0.51612 0.78345 -0.34615
-0.51612 0.78345 0.34615
-0.51338 -0.64658 -0.56425
-0.51338 -0.64658 0.56425
-0.51338 0.64658 -0.56425
-0.51338 0.64658 0.56425
-0.5 -0.30902 -0.80902
-0.5 -0.30902 0.80902
-0.5 0.30902 -0.80902
-0.5 0.30902 0.80902
-0.48444 -0.86493 -0.1312
-0.48444 -0.86493 0.1312
-0.48444 0.86493 -0.1312
-0.48444 0.86493 0.1312
-0.46843 -0.45399 -0.75794
-0.46843 -0.45399 0.75794
-0.46843 0.45399 -0.75794
-0.46843 0.45399 0.75794
-0.45399 -0.75794 -0.46843
-0.45399 -0.75794 0.46843
-0.45399 0.75794 -0.46843
-0.45399 0.75794 0.46843
-0.43389 -0.86267 -0.25989
-0.43389 -0.86267 0.25989
-0.43389 0.86267 -0.25989
-0.43389 0.86267 0.25989
-0.42533 -0.58779 -0.68819
-0.42533 -0.58779 0.68819
-0.42533 0.58779 -0.68819
-0.42533 0.58779 0.68819
-0.40336 -0.91504 0
-0.40336 0.91504 0
-0.39961 -0.082324 -0.91298
-0.39961 -0.082324 0.91298
-0.39961 0.082324 -0.91298
-0.39961 0.082324 0.91298
-0.38619 -0.23868 -0.89101
-0.38619 -0.23868 0.89101
-0.38619 0.23868 -0.89101
-0.38619 0.23868 0.89101
-0.38361 -0.37504 -0.84391
-0.38361 -0.37504 0.84391
-0.38361 0.37504 -0.84391
-0.38361 0.37504 0.84391
-0.37504 -0.84391 -0.38361
-0.37504 -0.84391 0.38361
-0.37504 0.84391 -0.38361
-0.37504 0.84391 0.38361
-0.37175 -0.70711 -0.6015
-0.37175 -0.70711 0.6015
-0.37175 0.70711 -0.6015
-0.37175 0.70711 0.6015
-0.35823 -0.9243 -0.13166
-0.35823 -0.9243 0.13166
-0.35823 0.9243 -0.13166
-0.35823 0.9243 0.13166
-0.34615 -0.51612 -0.78345
-0.34615 -0.51612 0.78345
-0.34615 0.51612 -0.78345
-0.34615 0.51612 0.78345
-0.30902 -0.80902 -0.5
-0.30902 -0.80902 0.5
-0.30902 0.80902 -0.5
-0.30902 0.80902 0.5
-0.30126 -0.91624 -0.26408
-0.30126 -0.91624 0.26408
-0.30126 0.91624 -0.26408
-0.30126 0.91624 0.26408
-0.296 -0.64741 -0.70231
-0.296 -0.64741 0.70231
-0.296 0.64741 -0.70231
-0.296 0.64741 0.70231
-0.27327 -0.96194 0
-0.27327 0.96194 0
-0.2664 0 -0.96386
-0.2664 0 0.96386
-0.26408 -0.30126 -0.91624
-0.26408 -0.30126 0.91624
-0.26408 0.30126 -0.91624
-0.26408 0.30126 0.91624
-0.26287 -0.16246 -0.95106
-0.26287 -0.16246 0.95106
-0.26287 0.16246 -0.95106
-0.26287 0.16246 0.95106
-0.25989 -0.43389 -0.86267
-0.25989 -0.43389 0.86267
-0.25989 0.43389 -0.86267
-0.25989 0.43389 0.86267
-0.23868 -0.89101 -0.38619
-0.23868 -0.89101 0.38619
-0.23868 0.89101 -0.38619
-0.23868 0.89101 0.38619
-0.23709 -0.75865 -0.60683
-0.23709 -0.75865 0.60683
-0.23709 0.75865 -0.60683
-0.23709 0.75865 0.60683
-0.22012 -0.96639 -0.13279
-0.22012 -0.96639 0.13279
-0.22012 0.96639 -0.13279
-0.22012 0.96639 0.13279
-0.21302 -0.57125 -0.79265
-0.21302 -0.57125 0.79265
-0.21302 0.57125 -0.79265
-0.21302 0.57125 0.79265
-0.16246 -0.95106 -0.26287
-0.16246 -0.95106 0.26287
-0.16246 0.95106 -0.26287
-0.16246 0.95106 0.26287
-0.16062 -0.69378 -0.70205
-0.16062 -0.69378 0.70205
-0.16062 0.69378 -0.70205
-0.16062 0.69378 0.70205
-0.15643 -0.84018 -0.51926
-0.15643 -0.84018 0.51926
-0.15643 0.84018 -0.51926
-0.15643 0.84018 0.51926
-0.13795 -0.99044 0
-0.13795 0.99044 0
-0.13307 -0.082242 -0.98769
-0.13307 -0.082242 0.98769
-0.13307 0.082242 -0.98769
-0.13307 0.082242 0.98769
-0.13279 -0.22012 -0.96639
-0.13279 -0.22012 0.96639
-0.13279 0.22012 -0.96639
-0.13279 0.22012 0.96639
-0.13166 -0.35823 -0.9243
-0.13166 -0.35823 0.9243
-0.13166 0.35823 -0.9243
-0.13166 0.35823 0.9243
-0.1312 -0.48444 -0.86493
-0.1312 -0.48444 0.86493
-0.1312 0.48444 -0.86493
-0.1312 0.48444 0.86493
-0.082324 -0.91298 -0.39961
-0.082324 -0.91298 0.39961
-0.082324 0.91298 -0.39961
-0.082324 0.91298 0.39961
-0.082242 -0.98769 -0.13307
-0.082242 -0.98769 0.13307
-0.082242 0.98769 -0.13307
-0.082242 0.98769 0.13307
-0.081142 -0.7802 -0.62024
-0.081142 -0.7802 0.62024
-0.081142 0.7802 -0.62024
-0.081142 0.7802 0.62024
-0.081086 -0.61564 -0.78384
-0.081086 -0.61564 0.78384
-0.081086 0.61564 -0.78384
-0.081086 0.61564 0.78384
0 -1 0
0 -0.96386 -0.2664
0 -0.96386 0.2664
0 -0.85065 -0.52573
0 -0.85065 0.52573
0 -0.70291 -0.71128
0 -0.70291 0.71128
0 -0.52573 -0.85065
0 -0.52573 0.85065
0 -0.40336 -0.91504
0 -0.40336 0.91504
0 -0.27327 -0.96194
0 -0.27327 0.96194
0 -0.13795 -0.99044
0 -0.13795 0.99044
0 0 -1
0 0 1
0 0.13795 -0.99044
0 0.13795 0.99044
0 0.27327 -0.96194
0 0.27327 0.96194
0 0.40336 -0.91504
0 0.40336 0.91504
0 0.52573 -0.85065
0 0.52573 0.85065
0 0.70291 -0.71128
0 0.70291 0.71128
0 0.85065 -0.52573
0 0.85065 0.52573
0 0.96386 -0.2664
0 0.96386 0.2664
0 1 0
0.081086 -0.61564 -0.78384
0.081086 -0.61564 0.78384
0.081086 0.61564 -0.78384
0.081086 0.61564 0.78384
0.081142 -0.7802 -0.62024
0.081142 -0.7802 0.62024
0.081142 0.7802 -0.62024
0.081142 0.7802 0.62024
0.082242 -0.98769 -0.13307
0.082242 -0.98769 0.13307
0.082242 0.98769 -0.13307
0.082242 0.98769 0.13307
0.082324 -0.91298 -0.39961
0.082324 -0.91298 0.39961
0.082324 0.91298 -0.39961
0.082324 0.91298 0.39961
0.1312 -0.48444 -0.86493
0.1312 -0.48444 0.86493
0.1312 0.48444 -0.86493
0.1312 0.48444 0.86493
0.13166 -0.35823 -0.9243
0.13166 -0.35823 0.9243
0.13166 0.35823 -0.9243
0.13166 0.35823 0.9243
0.13279 -0.22012 -0.96639
0.13279 -0.22012 0.96639
0.13279 0.22012 -0.96639
0.13279 0.22012 0.96639
0.13307 -0.082242 -0.98769
0.13307 -0.082242 0.98769
0.13307 0.082242 -0.98769
0.13307 0.082242 0.98769
0.13795 -0.99044 0
0.13795 0.99044 0
0.15643 -0.84018 -0.51926
0.15643 -0.84018 0.51926
0.15643 0.84018 -0.51926
0.15643 0.84018 0.51926
0.16062 -0.69378 -0.70205
0.16062 -0.69378 0.70205
0.16062 0.69378 -0.70205
0.16062 0.69378 0.70205
0.16246 -0.95106 -0.26287
0.16246 -0.95106 0.26287
0.16246 0.95106 -0.26287
0.16246 0.95106 0.26287
0.21302 -0.57125 -0.79265
0.21302 -0.57125 0.79265
0.21302 0.57125 -0.79265
0.21302 0.57125 0.79265
0.22012 -0.96639 -0.13279
0.22012 -0.96639 0.13279
0.22012 0.96639 -0.13279
0.22012 0.96639 0.13279
0.23709 -0.75865 -0.60683
0.23709 -0.75865 0.60683
0.23709 0.75865 -0.60683
0.23709 0.75865 0.60683
0.23868 -0.89101 -0.38619
0.23868 -0.89101 0.38619
0.23868 0.89101 -0.38619
0.23868 0.89101 0.38619
0.25989 -0.43389 -0.86267
0.25989 -0.43389 0.86267
0.25989 0.43389 -0.86267
0.25989 0.43389 0.86267
0.26287 -0.16246 -0.95106
0.26287 -0.16246 0.95106
0.26287 0.16246 -0.95106
0.26287 0.16246 0.95106
0.26408 -0.30126 -0.91624
0.26408 -0.30126 0.91624
0.26408 0.30126 -0.91624
0.26408 0.30126 0.91624
0.2664 0 -0.96386
0.2664 0 0.96386
0.27327 -0.96194 0
0.27327 0.96194 0
0.296 -0.64741 -0.70231
0.296 -0.64741 0.70231
0.296 0.64741 -0.70231
0.296 0.64741 0.70231
0.30126 -0.91624 -0.26408
0.30126 -0.91624 0.26408
0.30126 0.91624 -0.26408
0.30126 0.91624 0.26408
0.30902 -0.80902 -0.5
0.30902 -0.80902 0.5
0.30902 0.80902 -0.5
0.30902 0.80902 0.5
0.34615 -0.51612 -0.78345
0.34615 -0.51612 0.78345
0.34615 0.51612 -0.78345
0.34615 0.51612 0.78345
0.35823 -0.9243 -0.13166
0.35823 -0.9243 0.13166
0.35823 0.9243 -0.13166
0.35823 0.9243 0.13166
0.37175 -0.70711 -0.6015
0.37175 -0.70711 0.6015
0.37175 0.70711 -0.6015
0.37175 0.70711 0.6015
0.37504 -0.84391 -0.38361
0.37504 -0.84391 0.38361
0.37504 0.84391 -0.38361
0.37504 0.84391 0.38361
0.38361 -0.37504 -0.84391
0.38361 -0.37504 0.84391
0.38361 0.37504 -0.84391
0.38361 0.37504 0.84391
0.38619 -0.23868 -0.89101
0.38619 -0.23868 0.89101
0.38619 0.23868 -0.89101
0.38619 0.23868 0.89101
0.39961 -0.082324 -0.91298
0.39961 -0.082324 0.91298
0.39961 0.082324 -0.91298
0.39961 0.082324 0.91298
0.40336 -0.91504 0
0.40336 0.91504 0
0.42533 -0.58779 -0.68819
0.42533 -0.58779 0.68819
0.42533 0.58779 -0.68819
0.42533 0.58779 0.68819
0.43389 -0.86267 -0.25989
0.43389 -0.86267 0.25989
0.43389 0.86267 -0.25989
0.43389 0.86267 0.25989
0.45399 -0.75794 -0.46843
0.45399 -0.75794 0.46843
0.45399 0.75794 -0.46843
0.45399 0.75794 0.46843
0.46843 -0.45399 -0.75794
0.46843 -0.45399 0.75794
0.46843 0.45399 -0.75794
0.46843 0.45399 0.75794
0.48444 -0.86493 -0.1312
0.48444 -0.86493 0.1312
0.48444 0.86493 -0.1312
0.48444 0.86493 0.1312
0.5 -0.30902 -0.80902
0.5 -0.30902 0.80902
0.5 0.30902 -0.80902
0.5 0.30902 0.80902
0.51338 -0.64658 -0.56425
0.51338 -0.64658 0.56425
0.51338 0.64658 -0.56425
0.51338 0.64658 0.56425
0.51612 -0.78345 -0.34615
0.51612 -0.78345 0.34615
0.51612 0.78345 -0.34615
0.51612 0.78345 0.34615
0.51926 -0.15643 -0.84018
0.51926 -0.15643 0.84018
0.51926 0.15643 -0.84018
0.51926 0.15643 0.84018
0.52573 -0.85065 0
0.52573 0 -0.85065
0.52573 0 0.85065
0.52573 0.85065 0
0.56425 -0.51338 -0.64658
0.56425 -0.51338 0.64658
0.56425 0.51338 -0.64658
0.56425 0.51338 0.64658
0.57125 -0.79265 -0.21302
0.57125 -0.79265 0.21302
0.57125 0.79265 -0.21302
0.57125 0.79265 0.21302
0.58779 -0.68819 -0.42533
0.58779 -0.68819 0.42533
0.58779 0.68819 -0.42533
0.58779 0.68819 0.42533
0.6015 -0.37175 -0.70711
0.6015 -0.37175 0.70711
0.6015 0.37175 -0.70711
0.6015 0.37175 0.70711
0.60683 -0.23709 -0.75865
0.60683 -0.23709 0.75865
0.60683 0.23709 -0.75865
0.60683 0.23709 0.75865
0.61564 -0.78384 -0.081086
0.61564 -0.78384 0.081086
0.61564 0.78384 -0.081086
0.61564 0.78384 0.081086
0.62024 -0.081142 -0.7802
0.62024 -0.081142 0.7802
0.62024 0.081142 -0.7802
0.62024 0.081142 0.7802
0.64658 -0.56425 -0.51338
0.64658 -0.56425 0.51338
0.64658 0.56425 -0.51338
0.64658 0.56425 0.51338
0.64741 -0.70231 -0.296
0.64741 -0.70231 0.296
0.64741 0.70231 -0.296
0.64741 0.70231 0.296
0.68819 -0.42533 -0.58779
0.68819 -0.42533 0.58779
0.68819 0.42533 -0.58779
0.68819 0.42533 0.58779
0.69378 -0.70205 -0.16062
0.69378 -0.70205 0.16062
0.69378 0.70205 -0.16062
0.69378 0.70205 0.16062
0.70205 -0.16062 -0.69378
0.70205 -0.16062 0.69378
0.70205 0.16062 -0.69378
0.70205 0.16062 0.69378
0.70231 -0.296 -0.64741
0.70231 -0.296 0.64741
0.70231 0.296 -0.64741
0.70231 0.296 0.64741
0.70291 -0.71128 0
0.70291 0.71128 0
0.70711 -0.6015 -0.37175
0.70711 -0.6015 0.37175
0.70711 0.6015 -0.37175
0.70711 0.6015 0.37175
0.71128 0 -0.70291
0.71128 0 0.70291
0.75794 -0.46843 -0.45399
0.75794 -0.46843 0.45399
0.75794 0.46843 -0.45399
0.75794 0.46843 0.45399
0.75865 -0.60683 -0.23709
0.75865 -0.60683 0.23709
0.75865 0.60683 -0.23709
0.75865 0.60683 0.23709
0.7802 -0.62024 -0.081142
0.7802 -0.62024 0.081142
0.7802 0.62024 -0.081142
0.7802 0.62024 0.081142
0.78345 -0.34615 -0.51612
0.78345 -0.34615 0.51612
0.78345 0.34615 -0.51612
0.78345 0.34615 0.51612
0.78384 -0.081086 -0.61564
0.78384 -0.081086 0.61564
0.78384 0.081086 -0.61564
0.78384 0.081086 0.61564
0.79265 -0.21302 -0.57125
0.79265 -0.21302 0.57125
0.79265 0.21302 -0.57125
0.79265 0.21302 0.57125
0.80902 -0.5 -0.30902
0.80902 -0.5 0.30902
0.80902 0.5 -0.30902
0.80902 0.5 0.30902
0.84018 -0.51926 -0.15643
0.84018 -0.51926 0.15643
0.84018 0.51926 -0.15643
0.84018 0.51926 0.15643
0.84391 -0.38361 -0.37504
0.84391 -0.38361 0.37504
0.84391 0.38361 -0.37504
0.84391 0.38361 0.37504
0.85065 -0.52573 0
0.85065 0 -0.52573
0.85065 0 0.52573
0.85065 0.52573 0
0.86267 -0.25989 -0.43389
0.86267 -0.25989 0.43389
0.86267 0.25989 -0.43389
0.86267 0.25989 0.43389
0.86493 -0.1312 -0.48444
0.86493 -0.1312 0.48444
0.86493 0.1312 -0.48444
0.86493 0.1312 0.48444
0.89101 -0.38619 -0.23868
0.89101 -0.38619 0.23868
0.89101 0.38619 -0.23868
0.89101 0.38619 0.23868
0.91298 -0.39961 -0.082324
0.91298 -0.39961 0.082324
0.91298 0.39961 -0.082324
0.91298 0.39961 0.082324
0.91504 0 -0.40336
0.91504 0 0.40336
0.91624 -0.26408 -0.30126
0.91624 -0.26408 0.30126
0.91624 0.26408 -0.30126
0.91624 0.26408 0.30126
0.9243 -0.13166 -0.35823
0.9243 -0.13166 0.35823
0.9243 0.13166 -0.35823
0.9243 0.13166 0.35823
0.95106 -0.26287 -0.16246
0.95106 -0.26287 0.16246
0.95106 0.26287 -0.16246
0.95106 0.26287 0.16246
0.96194 0 -0.27327
0.96194 0 0.27327
0.96386 -0.2664 0
0.96386 0.2664 0
0.96639 -0.13279 -0.22012
0.96639 -0.13279 0.22012
0.96639 0.13279 -0.22012
0.96639 0.13279 0.22012
0.98769 -0.13307 -0.082242
0.98769 -0.13307 0.082242
0.98769 0.13307 -0.082242
0.98769 0.13307 0.082242
0.99044 0 -0.13795
0.99044 0 0.13795
1 0 0
